1,-1,1324,424,263,354,0.9858,-1,-1,-1
1,-1,514,462,97,250,0.6744,-1,-1,-1
2,-1,1322,427,261,354,0.9853,-1,-1,-1
2,-1,502,463,94,243,0.6265,-1,-1,-1
3,-1,1333,426,233,357,0.9728,-1,-1,-1
3,-1,502,466,95,240,0.639,-1,-1,-1
4,-1,1340,422,216,360,0.9559,-1,-1,-1
4,-1,493,468,100,242,0.6452,-1,-1,-1
5,-1,1353,420,209,363,0.9461,-1,-1,-1
5,-1,491,468,107,244,0.6942,-1,-1,-1
6,-1,1365,417,198,366,0.9516,-1,-1,-1
6,-1,490,467,111,249,0.7459,-1,-1,-1
7,-1,1383,410,170,372,0.9307,-1,-1,-1
7,-1,485,465,115,249,0.686,-1,-1,-1
7,-1,601,464,115,242,0.4221,-1,-1,-1
8,-1,1396,411,165,374,0.939,-1,-1,-1
8,-1,492,463,119,252,0.6879,-1,-1,-1
9,-1,1402,422,169,361,0.9428,-1,-1,-1
9,-1,490,461,126,255,0.7625,-1,-1,-1
9,-1,598,466,112,243,0.4222,-1,-1,-1
10,-1,1413,415,162,370,0.8003,-1,-1,-1
10,-1,498,461,120,253,0.7662,-1,-1,-1
10,-1,594,462,112,247,0.4037,-1,-1,-1
11,-1,1433,416,193,367,0.7947,-1,-1,-1
11,-1,482,461,129,254,0.7715,-1,-1,-1
11,-1,593,461,114,249,0.4038,-1,-1,-1
12,-1,480,459,122,257,0.7339,-1,-1,-1
12,-1,1425,409,145,380,0.7177,-1,-1,-1
13,-1,490,454,119,263,0.7772,-1,-1,-1
13,-1,1429,407,143,381,0.7662,-1,-1,-1
14,-1,495,453,119,263,0.7644,-1,-1,-1
14,-1,1490,416,145,367,0.7573,-1,-1,-1
14,-1,1428,410,138,382,0.7096,-1,-1,-1
15,-1,1431,404,136,389,0.7313,-1,-1,-1
15,-1,499,450,119,264,0.7073,-1,-1,-1
15,-1,1477,407,162,380,0.6691,-1,-1,-1
15,-1,1575,409,144,384,0.6146,-1,-1,-1
16,-1,1481,400,178,399,0.7463,-1,-1,-1
16,-1,495,451,126,265,0.6743,-1,-1,-1
16,-1,1430,406,131,389,0.6319,-1,-1,-1
16,-1,1570,408,145,388,0.6264,-1,-1,-1
17,-1,1452,398,231,405,0.8871,-1,-1,-1
17,-1,492,454,133,263,0.624,-1,-1,-1
17,-1,1559,408,170,390,0.5515,-1,-1,-1
18,-1,1451,394,250,407,0.8445,-1,-1,-1
18,-1,482,450,148,268,0.6847,-1,-1,-1
19,-1,1457,417,237,389,0.9315,-1,-1,-1
19,-1,497,448,135,268,0.6018,-1,-1,-1
20,-1,1466,424,227,375,0.957,-1,-1,-1
20,-1,503,445,134,270,0.5193,-1,-1,-1
21,-1,1475,414,210,397,0.9589,-1,-1,-1
21,-1,1571,417,167,386,0.6235,-1,-1,-1
21,-1,486,448,149,269,0.4147,-1,-1,-1
22,-1,1480,409,204,399,0.9297,-1,-1,-1
22,-1,501,446,142,273,0.6338,-1,-1,-1
22,-1,1578,415,153,384,0.5848,-1,-1,-1
22,-1,554,444,168,275,0.5426,-1,-1,-1
23,-1,1488,403,197,406,0.9277,-1,-1,-1
23,-1,504,448,135,269,0.5763,-1,-1,-1
23,-1,569,446,144,272,0.4979,-1,-1,-1
24,-1,1493,389,197,424,0.7612,-1,-1,-1
24,-1,503,451,140,266,0.604,-1,-1,-1
24,-1,563,446,153,274,0.491,-1,-1,-1
25,-1,1559,386,193,428,0.7359,-1,-1,-1
25,-1,506,448,134,275,0.7079,-1,-1,-1
25,-1,554,445,165,278,0.5146,-1,-1,-1
26,-1,1560,382,189,434,0.756,-1,-1,-1
26,-1,501,446,134,277,0.7047,-1,-1,-1
26,-1,571,445,149,277,0.4834,-1,-1,-1
27,-1,1567,385,191,429,0.7755,-1,-1,-1
27,-1,498,448,126,276,0.7501,-1,-1,-1
27,-1,1420,422,71,140,0.4199,-1,-1,-1
27,-1,590,452,129,268,0.4118,-1,-1,-1
28,-1,1570,395,205,425,0.886,-1,-1,-1
28,-1,493,454,129,270,0.7447,-1,-1,-1
28,-1,596,456,127,265,0.5505,-1,-1,-1
28,-1,1427,415,72,153,0.4907,-1,-1,-1
29,-1,1587,401,183,417,0.8178,-1,-1,-1
29,-1,495,453,129,269,0.7076,-1,-1,-1
29,-1,597,457,130,261,0.5053,-1,-1,-1
29,-1,1433,421,70,147,0.486,-1,-1,-1
30,-1,1595,400,172,414,0.8587,-1,-1,-1
30,-1,498,451,125,271,0.6149,-1,-1,-1
30,-1,1436,417,67,153,0.5105,-1,-1,-1
30,-1,597,455,126,263,0.4495,-1,-1,-1
31,-1,1577,398,228,415,0.9001,-1,-1,-1
31,-1,493,453,131,272,0.5175,-1,-1,-1
32,-1,1591,396,197,423,0.8188,-1,-1,-1
32,-1,504,457,120,266,0.538,-1,-1,-1
33,-1,1594,395,193,423,0.747,-1,-1,-1
33,-1,504,458,125,265,0.4068,-1,-1,-1
34,-1,1598,401,188,428,0.7986,-1,-1,-1
34,-1,505,456,122,266,0.436,-1,-1,-1
35,-1,1613,405,175,423,0.6759,-1,-1,-1
35,-1,588,451,147,273,0.4098,-1,-1,-1
36,-1,1625,410,243,421,0.824,-1,-1,-1
36,-1,1459,414,71,153,0.4214,-1,-1,-1
37,-1,1630,404,253,432,0.8036,-1,-1,-1
38,-1,1629,404,262,433,0.823,-1,-1,-1
39,-1,1636,395,252,446,0.9412,-1,-1,-1
40,-1,1642,393,248,449,0.9653,-1,-1,-1
40,-1,496,455,118,269,0.6003,-1,-1,-1
40,-1,615,462,124,257,0.4573,-1,-1,-1
41,-1,1651,415,253,434,0.9419,-1,-1,-1
41,-1,501,452,112,280,0.6779,-1,-1,-1
41,-1,614,456,120,269,0.5158,-1,-1,-1
42,-1,1650,389,256,468,0.9399,-1,-1,-1
42,-1,505,452,113,278,0.7201,-1,-1,-1
42,-1,612,453,121,273,0.5197,-1,-1,-1
43,-1,1655,393,252,478,0.8982,-1,-1,-1
43,-1,506,447,115,291,0.6667,-1,-1,-1
43,-1,611,450,119,279,0.4326,-1,-1,-1
44,-1,1671,378,236,491,0.8933,-1,-1,-1
44,-1,507,450,114,287,0.646,-1,-1,-1
44,-1,616,453,120,275,0.4623,-1,-1,-1
45,-1,501,450,113,286,0.6936,-1,-1,-1
45,-1,621,453,119,275,0.574,-1,-1,-1
45,-1,1678,370,231,496,0.5387,-1,-1,-1
46,-1,506,449,106,290,0.7858,-1,-1,-1
46,-1,622,454,116,275,0.6794,-1,-1,-1
47,-1,505,444,106,296,0.739,-1,-1,-1
47,-1,622,449,118,282,0.6051,-1,-1,-1
48,-1,500,449,109,288,0.6766,-1,-1,-1
48,-1,620,454,125,275,0.5353,-1,-1,-1
49,-1,498,448,105,291,0.6564,-1,-1,-1
49,-1,615,451,128,278,0.6024,-1,-1,-1
50,-1,613,446,126,283,0.629,-1,-1,-1
50,-1,496,443,103,293,0.6271,-1,-1,-1
51,-1,614,446,128,284,0.6831,-1,-1,-1
51,-1,488,443,110,293,0.5902,-1,-1,-1
52,-1,619,450,123,277,0.682,-1,-1,-1
52,-1,496,447,101,289,0.5929,-1,-1,-1
53,-1,613,445,126,283,0.6855,-1,-1,-1
53,-1,495,447,108,289,0.5066,-1,-1,-1
54,-1,618,442,119,290,0.6741,-1,-1,-1
54,-1,497,447,105,292,0.5167,-1,-1,-1
55,-1,616,441,123,289,0.67,-1,-1,-1
55,-1,491,448,109,286,0.4895,-1,-1,-1
56,-1,619,447,116,287,0.6821,-1,-1,-1
56,-1,499,452,105,291,0.5836,-1,-1,-1
57,-1,620,443,120,290,0.6954,-1,-1,-1
57,-1,495,448,108,293,0.6717,-1,-1,-1
58,-1,499,445,107,297,0.768,-1,-1,-1
58,-1,621,446,115,287,0.6524,-1,-1,-1
59,-1,622,443,116,289,0.6253,-1,-1,-1
59,-1,509,444,102,295,0.6172,-1,-1,-1
60,-1,623,449,116,281,0.6881,-1,-1,-1
60,-1,501,450,112,286,0.6357,-1,-1,-1
61,-1,626,451,120,281,0.7137,-1,-1,-1
61,-1,496,451,118,288,0.6159,-1,-1,-1
62,-1,491,448,119,300,0.7006,-1,-1,-1
62,-1,622,448,121,291,0.6991,-1,-1,-1
63,-1,614,447,134,300,0.7961,-1,-1,-1
63,-1,482,447,128,305,0.6933,-1,-1,-1
64,-1,466,452,149,305,0.7478,-1,-1,-1
64,-1,620,453,123,294,0.727,-1,-1,-1
65,-1,491,453,126,307,0.8192,-1,-1,-1
65,-1,624,458,114,290,0.7894,-1,-1,-1
66,-1,628,463,114,287,0.7494,-1,-1,-1
66,-1,497,457,117,300,0.738,-1,-1,-1
67,-1,493,459,126,298,0.7656,-1,-1,-1
67,-1,635,464,109,285,0.6686,-1,-1,-1
68,-1,494,468,125,286,0.7553,-1,-1,-1
68,-1,635,471,113,275,0.6631,-1,-1,-1
69,-1,481,463,145,291,0.8391,-1,-1,-1
69,-1,636,468,109,273,0.6415,-1,-1,-1
70,-1,481,458,147,299,0.8258,-1,-1,-1
70,-1,638,467,105,277,0.5588,-1,-1,-1
71,-1,498,458,129,296,0.8465,-1,-1,-1
71,-1,628,465,105,280,0.6223,-1,-1,-1
72,-1,494,458,141,297,0.836,-1,-1,-1
72,-1,623,466,108,278,0.6037,-1,-1,-1
73,-1,479,455,161,300,0.7693,-1,-1,-1
73,-1,615,464,116,277,0.5106,-1,-1,-1
74,-1,494,455,142,294,0.7959,-1,-1,-1
74,-1,619,463,112,275,0.6485,-1,-1,-1
75,-1,500,455,137,296,0.8337,-1,-1,-1
75,-1,624,458,106,284,0.6949,-1,-1,-1
76,-1,498,456,139,293,0.8063,-1,-1,-1
76,-1,620,456,108,283,0.5908,-1,-1,-1
77,-1,489,452,158,304,0.6984,-1,-1,-1
77,-1,615,452,116,295,0.527,-1,-1,-1
78,-1,500,450,139,304,0.807,-1,-1,-1
78,-1,615,450,102,293,0.6588,-1,-1,-1
79,-1,498,451,148,305,0.7355,-1,-1,-1
79,-1,616,453,103,291,0.5698,-1,-1,-1
79,-1,693,470,101,245,0.4171,-1,-1,-1
80,-1,498,452,147,309,0.6777,-1,-1,-1
80,-1,731,460,100,217,0.4863,-1,-1,-1
80,-1,617,456,99,292,0.4159,-1,-1,-1
81,-1,495,451,150,314,0.7136,-1,-1,-1
81,-1,730,464,107,212,0.4551,-1,-1,-1
81,-1,612,453,106,301,0.4112,-1,-1,-1
82,-1,495,446,151,320,0.7113,-1,-1,-1
82,-1,727,449,112,230,0.4796,-1,-1,-1
82,-1,603,448,112,305,0.4449,-1,-1,-1
83,-1,495,447,157,319,0.5026,-1,-1,-1
83,-1,722,449,116,234,0.4774,-1,-1,-1
84,-1,497,445,154,318,0.6665,-1,-1,-1
84,-1,726,453,112,228,0.4398,-1,-1,-1
85,-1,498,449,150,309,0.7522,-1,-1,-1
85,-1,724,456,116,227,0.4157,-1,-1,-1
86,-1,496,451,155,312,0.7264,-1,-1,-1
87,-1,491,446,168,321,0.5619,-1,-1,-1
90,-1,498,452,158,313,0.4374,-1,-1,-1
91,-1,508,455,139,304,0.5068,-1,-1,-1
91,-1,731,449,107,234,0.4379,-1,-1,-1
92,-1,729,446,114,238,0.4624,-1,-1,-1
92,-1,500,450,153,313,0.461,-1,-1,-1
93,-1,733,437,108,250,0.5183,-1,-1,-1
94,-1,734,439,107,248,0.5313,-1,-1,-1
95,-1,730,440,105,249,0.4187,-1,-1,-1
97,-1,706,460,107,275,0.4711,-1,-1,-1
97,-1,502,446,150,328,0.4094,-1,-1,-1
98,-1,502,447,148,327,0.4996,-1,-1,-1
98,-1,697,463,109,273,0.4461,-1,-1,-1
98,-1,597,449,148,321,0.4052,-1,-1,-1
99,-1,504,454,136,308,0.5848,-1,-1,-1
99,-1,733,442,97,243,0.4728,-1,-1,-1
100,-1,509,460,128,299,0.7201,-1,-1,-1
100,-1,638,453,100,307,0.5913,-1,-1,-1
100,-1,713,459,102,278,0.528,-1,-1,-1
101,-1,508,460,131,306,0.7694,-1,-1,-1
101,-1,644,455,92,307,0.5981,-1,-1,-1
101,-1,717,462,99,276,0.5892,-1,-1,-1
102,-1,501,454,144,318,0.6801,-1,-1,-1
102,-1,710,461,105,273,0.5145,-1,-1,-1
102,-1,632,452,100,312,0.4901,-1,-1,-1
103,-1,498,455,149,312,0.6682,-1,-1,-1
103,-1,704,461,108,276,0.4966,-1,-1,-1
103,-1,627,452,106,312,0.4592,-1,-1,-1
104,-1,502,454,142,317,0.7599,-1,-1,-1
104,-1,637,457,100,308,0.5882,-1,-1,-1
104,-1,713,470,106,261,0.5717,-1,-1,-1
105,-1,493,447,157,327,0.7579,-1,-1,-1
105,-1,710,465,106,273,0.5308,-1,-1,-1
105,-1,630,450,105,318,0.4868,-1,-1,-1
106,-1,500,446,147,331,0.8056,-1,-1,-1
106,-1,632,450,99,319,0.6318,-1,-1,-1
106,-1,716,462,107,279,0.6161,-1,-1,-1
107,-1,500,449,147,327,0.7521,-1,-1,-1
107,-1,633,453,102,315,0.599,-1,-1,-1
107,-1,709,464,107,277,0.5983,-1,-1,-1
108,-1,505,454,138,321,0.7073,-1,-1,-1
108,-1,713,464,111,281,0.6709,-1,-1,-1
108,-1,633,456,99,313,0.528,-1,-1,-1
109,-1,717,470,108,272,0.6085,-1,-1,-1
109,-1,511,477,138,318,0.5892,-1,-1,-1
109,-1,646,467,92,299,0.4519,-1,-1,-1
110,-1,721,467,105,272,0.6955,-1,-1,-1
110,-1,510,471,134,325,0.6488,-1,-1,-1
110,-1,657,462,88,304,0.5517,-1,-1,-1
111,-1,724,460,99,283,0.6126,-1,-1,-1
111,-1,509,454,129,324,0.5684,-1,-1,-1
111,-1,644,450,92,327,0.517,-1,-1,-1
112,-1,721,458,99,283,0.6131,-1,-1,-1
112,-1,521,458,113,295,0.579,-1,-1,-1
112,-1,648,448,87,319,0.5146,-1,-1,-1
113,-1,721,460,100,290,0.6875,-1,-1,-1
113,-1,520,457,117,300,0.5385,-1,-1,-1
113,-1,647,451,89,321,0.5381,-1,-1,-1
114,-1,723,448,108,314,0.655,-1,-1,-1
114,-1,513,446,133,323,0.5505,-1,-1,-1
114,-1,616,440,109,339,0.4446,-1,-1,-1
115,-1,496,432,167,351,0.6997,-1,-1,-1
115,-1,726,445,113,316,0.6372,-1,-1,-1
115,-1,572,428,144,362,0.543,-1,-1,-1
116,-1,727,445,110,314,0.7308,-1,-1,-1
116,-1,501,442,162,343,0.6696,-1,-1,-1
116,-1,581,432,131,354,0.6241,-1,-1,-1
117,-1,497,438,177,354,0.8055,-1,-1,-1
117,-1,727,442,112,314,0.7533,-1,-1,-1
117,-1,576,433,138,348,0.6856,-1,-1,-1
118,-1,496,433,174,359,0.7587,-1,-1,-1
118,-1,736,446,100,309,0.7237,-1,-1,-1
118,-1,585,437,133,343,0.6414,-1,-1,-1
119,-1,596,435,142,358,0.8026,-1,-1,-1
119,-1,748,445,93,312,0.7213,-1,-1,-1
119,-1,515,438,146,341,0.581,-1,-1,-1
120,-1,584,435,165,368,0.8175,-1,-1,-1
120,-1,750,446,97,309,0.6841,-1,-1,-1
121,-1,580,436,173,370,0.8387,-1,-1,-1
121,-1,749,445,99,315,0.6796,-1,-1,-1
122,-1,728,444,112,316,0.7461,-1,-1,-1
122,-1,609,439,136,363,0.6952,-1,-1,-1
122,-1,512,456,138,297,0.4956,-1,-1,-1
122,-1,779,467,103,256,0.4409,-1,-1,-1
123,-1,576,427,186,390,0.8835,-1,-1,-1
123,-1,740,440,108,323,0.6084,-1,-1,-1
124,-1,571,425,188,393,0.8463,-1,-1,-1
124,-1,743,443,106,317,0.5659,-1,-1,-1
124,-1,780,466,110,261,0.4471,-1,-1,-1
125,-1,586,427,166,385,0.8738,-1,-1,-1
125,-1,743,447,104,312,0.6229,-1,-1,-1
125,-1,775,466,113,264,0.506,-1,-1,-1
126,-1,558,422,199,391,0.8455,-1,-1,-1
126,-1,744,444,108,318,0.5332,-1,-1,-1
127,-1,565,426,190,391,0.827,-1,-1,-1
127,-1,733,438,115,327,0.6461,-1,-1,-1
127,-1,773,464,121,268,0.4846,-1,-1,-1
128,-1,537,439,223,388,0.8477,-1,-1,-1
128,-1,742,434,111,333,0.579,-1,-1,-1
129,-1,549,427,216,395,0.8797,-1,-1,-1
129,-1,747,431,108,337,0.4522,-1,-1,-1
130,-1,565,432,200,390,0.8709,-1,-1,-1
130,-1,769,443,134,302,0.4955,-1,-1,-1
131,-1,562,426,205,397,0.8671,-1,-1,-1
131,-1,769,447,139,294,0.4578,-1,-1,-1
132,-1,558,425,209,403,0.8759,-1,-1,-1
132,-1,769,445,140,294,0.5369,-1,-1,-1
132,-1,737,427,107,340,0.429,-1,-1,-1
133,-1,567,424,195,406,0.7465,-1,-1,-1
133,-1,770,453,135,286,0.5889,-1,-1,-1
133,-1,733,430,111,332,0.5593,-1,-1,-1
134,-1,570,422,189,414,0.7264,-1,-1,-1
134,-1,776,452,141,288,0.61,-1,-1,-1
134,-1,728,429,111,337,0.5703,-1,-1,-1
135,-1,571,422,189,409,0.7807,-1,-1,-1
135,-1,777,456,137,280,0.6651,-1,-1,-1
135,-1,722,431,116,333,0.6124,-1,-1,-1
136,-1,572,421,189,415,0.7569,-1,-1,-1
136,-1,786,459,129,273,0.6726,-1,-1,-1
136,-1,719,432,112,330,0.6543,-1,-1,-1
137,-1,787,455,129,277,0.6771,-1,-1,-1
137,-1,578,427,182,414,0.6557,-1,-1,-1
137,-1,713,434,115,325,0.6222,-1,-1,-1
138,-1,793,457,118,275,0.689,-1,-1,-1
138,-1,714,436,106,323,0.6736,-1,-1,-1
138,-1,576,430,179,407,0.6507,-1,-1,-1
139,-1,572,422,190,420,0.6777,-1,-1,-1
139,-1,789,455,124,282,0.658,-1,-1,-1
139,-1,712,432,109,332,0.5112,-1,-1,-1
140,-1,566,422,198,427,0.769,-1,-1,-1
140,-1,799,452,121,284,0.6215,-1,-1,-1
140,-1,705,427,113,338,0.5789,-1,-1,-1
141,-1,548,426,229,430,0.6647,-1,-1,-1
141,-1,793,449,132,287,0.6598,-1,-1,-1
141,-1,709,430,111,330,0.4028,-1,-1,-1
142,-1,560,421,208,428,0.6035,-1,-1,-1
142,-1,794,447,130,291,0.5699,-1,-1,-1
142,-1,703,427,116,335,0.4165,-1,-1,-1
143,-1,573,424,184,428,0.6104,-1,-1,-1
143,-1,803,454,121,282,0.6013,-1,-1,-1
143,-1,694,432,119,334,0.5674,-1,-1,-1
144,-1,574,427,185,428,0.7723,-1,-1,-1
144,-1,690,430,126,338,0.6758,-1,-1,-1
144,-1,799,447,133,294,0.6618,-1,-1,-1
145,-1,566,428,196,430,0.6638,-1,-1,-1
145,-1,686,427,132,351,0.6057,-1,-1,-1
145,-1,797,448,138,293,0.5567,-1,-1,-1
146,-1,573,422,182,431,0.7968,-1,-1,-1
146,-1,697,427,119,347,0.7321,-1,-1,-1
146,-1,801,448,131,294,0.7081,-1,-1,-1
147,-1,565,423,186,443,0.7815,-1,-1,-1
147,-1,706,425,128,353,0.7126,-1,-1,-1
147,-1,801,447,136,298,0.6899,-1,-1,-1
148,-1,563,427,182,439,0.7854,-1,-1,-1
148,-1,802,450,138,297,0.7465,-1,-1,-1
148,-1,719,430,124,349,0.7381,-1,-1,-1
149,-1,810,447,126,301,0.7682,-1,-1,-1
149,-1,708,426,133,368,0.7433,-1,-1,-1
149,-1,568,426,172,444,0.6743,-1,-1,-1
150,-1,813,454,127,293,0.8464,-1,-1,-1
150,-1,718,430,123,359,0.7381,-1,-1,-1
150,-1,567,423,175,442,0.6752,-1,-1,-1
150,-1,871,464,107,251,0.4357,-1,-1,-1
151,-1,820,454,119,290,0.8616,-1,-1,-1
151,-1,711,436,121,344,0.8285,-1,-1,-1
151,-1,597,433,140,421,0.665,-1,-1,-1
151,-1,869,466,106,249,0.4853,-1,-1,-1
151,-1,507,446,147,356,0.459,-1,-1,-1
152,-1,825,458,115,284,0.8182,-1,-1,-1
152,-1,717,438,113,330,0.7073,-1,-1,-1
152,-1,600,430,137,415,0.6132,-1,-1,-1
152,-1,506,437,145,359,0.4576,-1,-1,-1
152,-1,870,471,102,242,0.4048,-1,-1,-1
153,-1,822,451,113,301,0.8759,-1,-1,-1
153,-1,710,435,125,342,0.8137,-1,-1,-1
153,-1,600,439,129,395,0.6369,-1,-1,-1
153,-1,499,447,156,361,0.4922,-1,-1,-1
153,-1,867,466,104,256,0.4575,-1,-1,-1
154,-1,818,456,120,289,0.8772,-1,-1,-1
154,-1,711,441,126,333,0.767,-1,-1,-1
154,-1,586,431,154,428,0.7397,-1,-1,-1
154,-1,869,468,107,252,0.4885,-1,-1,-1
155,-1,817,457,118,286,0.8645,-1,-1,-1
155,-1,715,437,125,339,0.7628,-1,-1,-1
155,-1,591,432,150,426,0.7347,-1,-1,-1
156,-1,816,456,120,286,0.843,-1,-1,-1
156,-1,713,436,127,347,0.764,-1,-1,-1
156,-1,602,440,134,388,0.6585,-1,-1,-1
156,-1,494,448,156,348,0.4661,-1,-1,-1
157,-1,818,456,121,287,0.8088,-1,-1,-1
157,-1,711,429,128,366,0.7724,-1,-1,-1
157,-1,593,430,146,416,0.7004,-1,-1,-1
158,-1,708,426,132,365,0.79,-1,-1,-1
158,-1,819,454,119,287,0.7467,-1,-1,-1
158,-1,596,428,140,422,0.6681,-1,-1,-1
158,-1,482,439,172,374,0.4556,-1,-1,-1
159,-1,821,455,109,288,0.8096,-1,-1,-1
159,-1,716,430,114,352,0.7639,-1,-1,-1
159,-1,605,424,124,413,0.6873,-1,-1,-1
159,-1,488,433,172,387,0.4975,-1,-1,-1
160,-1,723,429,106,352,0.82,-1,-1,-1
160,-1,822,455,102,288,0.8178,-1,-1,-1
160,-1,612,426,123,409,0.6961,-1,-1,-1
160,-1,881,471,103,245,0.473,-1,-1,-1
160,-1,492,440,164,368,0.4718,-1,-1,-1
161,-1,816,452,109,301,0.8449,-1,-1,-1
161,-1,723,429,110,354,0.8405,-1,-1,-1
161,-1,601,427,134,395,0.7523,-1,-1,-1
161,-1,494,441,160,347,0.4867,-1,-1,-1
161,-1,878,468,102,262,0.4696,-1,-1,-1
162,-1,818,451,111,306,0.8309,-1,-1,-1
162,-1,725,425,110,362,0.823,-1,-1,-1
162,-1,607,427,134,411,0.687,-1,-1,-1
162,-1,877,465,110,274,0.5952,-1,-1,-1
162,-1,491,439,163,356,0.4142,-1,-1,-1
163,-1,822,450,109,304,0.8792,-1,-1,-1
163,-1,720,423,113,361,0.873,-1,-1,-1
163,-1,875,467,109,271,0.6684,-1,-1,-1
163,-1,615,432,118,398,0.6389,-1,-1,-1
163,-1,497,440,158,365,0.4492,-1,-1,-1
164,-1,828,456,101,296,0.8532,-1,-1,-1
164,-1,725,435,101,345,0.8194,-1,-1,-1
164,-1,881,470,108,265,0.715,-1,-1,-1
164,-1,614,434,118,394,0.6022,-1,-1,-1
164,-1,493,440,159,364,0.5409,-1,-1,-1
165,-1,822,451,114,308,0.8133,-1,-1,-1
165,-1,721,431,110,368,0.7098,-1,-1,-1
165,-1,879,467,119,275,0.6666,-1,-1,-1
165,-1,606,433,131,414,0.5992,-1,-1,-1
165,-1,493,445,155,328,0.5045,-1,-1,-1
166,-1,821,445,114,310,0.8542,-1,-1,-1
166,-1,881,459,116,281,0.7237,-1,-1,-1
166,-1,722,428,114,362,0.7145,-1,-1,-1
166,-1,601,434,137,424,0.5578,-1,-1,-1
166,-1,487,448,162,327,0.4787,-1,-1,-1
167,-1,816,446,125,312,0.8371,-1,-1,-1
167,-1,873,461,126,283,0.7453,-1,-1,-1
167,-1,727,427,117,367,0.6905,-1,-1,-1
167,-1,576,428,162,449,0.632,-1,-1,-1
168,-1,819,452,123,304,0.8325,-1,-1,-1
168,-1,875,464,126,281,0.7658,-1,-1,-1
168,-1,564,431,181,455,0.6254,-1,-1,-1
168,-1,729,435,115,363,0.6219,-1,-1,-1
169,-1,815,455,128,302,0.7626,-1,-1,-1
169,-1,873,466,132,281,0.7189,-1,-1,-1
169,-1,554,433,201,461,0.6468,-1,-1,-1
169,-1,732,438,116,368,0.5097,-1,-1,-1
170,-1,816,454,122,298,0.7804,-1,-1,-1
170,-1,884,466,127,278,0.7516,-1,-1,-1
170,-1,528,425,228,488,0.7322,-1,-1,-1
170,-1,735,435,115,381,0.434,-1,-1,-1
171,-1,522,425,241,481,0.7957,-1,-1,-1
171,-1,878,471,135,273,0.7878,-1,-1,-1
171,-1,812,454,135,304,0.7666,-1,-1,-1
171,-1,733,439,122,367,0.4514,-1,-1,-1
172,-1,515,429,242,481,0.815,-1,-1,-1
172,-1,895,472,121,269,0.7866,-1,-1,-1
172,-1,820,456,116,296,0.711,-1,-1,-1
172,-1,738,441,118,372,0.4156,-1,-1,-1
173,-1,517,437,240,472,0.8917,-1,-1,-1
173,-1,895,464,124,280,0.8246,-1,-1,-1
173,-1,811,450,127,307,0.7172,-1,-1,-1
174,-1,515,433,244,477,0.8969,-1,-1,-1
174,-1,896,448,122,299,0.8525,-1,-1,-1
174,-1,809,444,129,319,0.7563,-1,-1,-1
175,-1,908,448,114,296,0.7928,-1,-1,-1
175,-1,527,417,246,501,0.7658,-1,-1,-1
175,-1,812,440,116,325,0.7373,-1,-1,-1
176,-1,534,423,231,489,0.8067,-1,-1,-1
176,-1,909,449,115,298,0.8053,-1,-1,-1
176,-1,805,439,120,330,0.7548,-1,-1,-1
177,-1,539,434,226,477,0.8633,-1,-1,-1
177,-1,910,448,111,297,0.7966,-1,-1,-1
177,-1,808,440,118,323,0.7549,-1,-1,-1
177,-1,1008,414,80,232,0.4022,-1,-1,-1
178,-1,542,441,237,476,0.9045,-1,-1,-1
178,-1,910,453,120,294,0.7235,-1,-1,-1
178,-1,807,443,124,319,0.681,-1,-1,-1
179,-1,549,433,230,488,0.8412,-1,-1,-1
179,-1,916,449,114,301,0.8348,-1,-1,-1
179,-1,808,444,124,317,0.7771,-1,-1,-1
179,-1,1000,417,85,237,0.4606,-1,-1,-1
180,-1,912,457,118,292,0.8226,-1,-1,-1
180,-1,548,431,235,482,0.8134,-1,-1,-1
180,-1,807,444,126,320,0.8055,-1,-1,-1
181,-1,911,450,117,301,0.831,-1,-1,-1
181,-1,547,431,241,475,0.8245,-1,-1,-1
181,-1,812,439,132,326,0.8095,-1,-1,-1
182,-1,923,448,109,306,0.8454,-1,-1,-1
182,-1,815,442,120,322,0.8033,-1,-1,-1
182,-1,557,432,231,473,0.7241,-1,-1,-1
183,-1,927,445,105,310,0.8495,-1,-1,-1
183,-1,814,439,121,329,0.7822,-1,-1,-1
183,-1,554,419,223,489,0.732,-1,-1,-1
184,-1,929,443,111,309,0.8593,-1,-1,-1
184,-1,810,440,118,330,0.7637,-1,-1,-1
184,-1,570,427,190,467,0.6378,-1,-1,-1
184,-1,729,426,107,405,0.5255,-1,-1,-1
184,-1,1010,424,93,250,0.4129,-1,-1,-1
185,-1,937,448,104,293,0.8189,-1,-1,-1
185,-1,812,440,107,334,0.7388,-1,-1,-1
185,-1,742,431,102,387,0.5657,-1,-1,-1
185,-1,578,435,177,424,0.5624,-1,-1,-1
185,-1,1012,425,93,250,0.4328,-1,-1,-1
186,-1,938,447,106,303,0.7946,-1,-1,-1
186,-1,825,428,111,386,0.6716,-1,-1,-1
186,-1,579,429,179,425,0.5824,-1,-1,-1
186,-1,703,419,129,423,0.5451,-1,-1,-1
187,-1,944,451,99,299,0.8177,-1,-1,-1
187,-1,841,437,100,363,0.6464,-1,-1,-1
187,-1,709,424,121,403,0.5098,-1,-1,-1
187,-1,581,434,178,385,0.4414,-1,-1,-1
188,-1,942,449,106,306,0.8002,-1,-1,-1
188,-1,836,434,104,360,0.6293,-1,-1,-1
188,-1,707,423,121,407,0.4675,-1,-1,-1
189,-1,944,446,102,311,0.778,-1,-1,-1
189,-1,825,435,107,365,0.615,-1,-1,-1
189,-1,694,421,127,403,0.524,-1,-1,-1
190,-1,933,450,119,316,0.7513,-1,-1,-1
190,-1,809,426,124,389,0.6754,-1,-1,-1
190,-1,670,410,151,424,0.6243,-1,-1,-1
191,-1,804,423,123,388,0.7989,-1,-1,-1
191,-1,955,440,149,322,0.7038,-1,-1,-1
191,-1,688,412,132,408,0.6953,-1,-1,-1
192,-1,808,422,122,388,0.8198,-1,-1,-1
192,-1,927,439,125,334,0.7563,-1,-1,-1
192,-1,690,414,129,404,0.6353,-1,-1,-1
193,-1,807,410,131,408,0.8015,-1,-1,-1
193,-1,962,433,141,328,0.6923,-1,-1,-1
193,-1,682,407,144,417,0.5901,-1,-1,-1
194,-1,811,414,135,402,0.8332,-1,-1,-1
194,-1,676,411,144,403,0.7222,-1,-1,-1
194,-1,962,439,146,319,0.6936,-1,-1,-1
195,-1,819,423,121,394,0.7791,-1,-1,-1
195,-1,680,410,140,421,0.7194,-1,-1,-1
195,-1,971,448,136,301,0.6613,-1,-1,-1
195,-1,922,443,119,328,0.5885,-1,-1,-1
196,-1,813,421,128,400,0.8484,-1,-1,-1
196,-1,970,437,139,316,0.7225,-1,-1,-1
196,-1,678,411,145,428,0.6847,-1,-1,-1
196,-1,925,439,122,333,0.5556,-1,-1,-1
197,-1,812,420,130,404,0.8066,-1,-1,-1
197,-1,970,424,138,329,0.7002,-1,-1,-1
197,-1,674,418,147,418,0.5996,-1,-1,-1
198,-1,982,431,123,319,0.7049,-1,-1,-1
198,-1,818,423,125,394,0.6622,-1,-1,-1
198,-1,691,427,136,401,0.5187,-1,-1,-1
198,-1,542,455,75,145,0.4768,-1,-1,-1
198,-1,937,447,104,316,0.4557,-1,-1,-1
199,-1,987,438,118,308,0.7223,-1,-1,-1
199,-1,818,427,129,389,0.6162,-1,-1,-1
199,-1,938,450,101,313,0.4931,-1,-1,-1
199,-1,546,458,73,143,0.4926,-1,-1,-1
199,-1,678,428,153,397,0.4591,-1,-1,-1
200,-1,981,443,126,306,0.7969,-1,-1,-1
200,-1,811,433,138,374,0.6424,-1,-1,-1
200,-1,931,450,110,318,0.5658,-1,-1,-1
200,-1,541,455,80,151,0.5462,-1,-1,-1
200,-1,679,434,153,371,0.4269,-1,-1,-1
201,-1,984,445,128,308,0.7323,-1,-1,-1
201,-1,816,438,138,368,0.5473,-1,-1,-1
201,-1,536,448,86,157,0.5361,-1,-1,-1
201,-1,911,454,118,321,0.5307,-1,-1,-1
202,-1,986,434,132,332,0.7914,-1,-1,-1
202,-1,894,441,128,346,0.5901,-1,-1,-1
202,-1,804,437,153,381,0.5769,-1,-1,-1
202,-1,543,439,87,165,0.4563,-1,-1,-1
203,-1,994,441,122,323,0.7895,-1,-1,-1
203,-1,900,444,125,345,0.5628,-1,-1,-1
203,-1,808,438,149,388,0.5168,-1,-1,-1
203,-1,679,433,159,418,0.4281,-1,-1,-1
204,-1,999,437,123,325,0.7786,-1,-1,-1
204,-1,890,442,124,344,0.5301,-1,-1,-1
204,-1,825,438,133,372,0.5045,-1,-1,-1
204,-1,551,448,80,157,0.4152,-1,-1,-1
204,-1,683,440,153,375,0.4102,-1,-1,-1
205,-1,1006,440,118,322,0.7488,-1,-1,-1
205,-1,552,453,82,155,0.5061,-1,-1,-1
205,-1,893,448,112,332,0.4301,-1,-1,-1
205,-1,807,463,151,386,0.4028,-1,-1,-1
206,-1,1003,432,116,339,0.8661,-1,-1,-1
206,-1,918,440,102,338,0.6522,-1,-1,-1
206,-1,550,452,84,155,0.5438,-1,-1,-1
206,-1,834,438,119,360,0.5213,-1,-1,-1
206,-1,684,433,158,379,0.4683,-1,-1,-1
207,-1,1008,439,113,331,0.8359,-1,-1,-1
207,-1,894,435,112,351,0.6857,-1,-1,-1
207,-1,841,438,125,363,0.5704,-1,-1,-1
207,-1,680,435,162,382,0.501,-1,-1,-1
207,-1,552,453,82,155,0.4754,-1,-1,-1
208,-1,1015,436,110,336,0.7569,-1,-1,-1
208,-1,898,433,106,353,0.6762,-1,-1,-1
208,-1,684,437,155,349,0.6054,-1,-1,-1
208,-1,844,438,117,353,0.5684,-1,-1,-1
208,-1,547,457,80,151,0.4666,-1,-1,-1
209,-1,1016,438,119,342,0.8133,-1,-1,-1
209,-1,891,434,113,356,0.6233,-1,-1,-1
209,-1,684,438,163,350,0.5975,-1,-1,-1
209,-1,835,432,120,367,0.5666,-1,-1,-1
209,-1,549,456,78,149,0.466,-1,-1,-1
210,-1,1016,438,128,345,0.7327,-1,-1,-1
210,-1,832,432,120,367,0.564,-1,-1,-1
210,-1,885,436,117,359,0.5603,-1,-1,-1
210,-1,689,439,160,344,0.5434,-1,-1,-1
210,-1,546,453,80,152,0.4777,-1,-1,-1
211,-1,1011,436,152,348,0.8159,-1,-1,-1
211,-1,880,432,128,365,0.5617,-1,-1,-1
211,-1,691,438,163,353,0.5486,-1,-1,-1
211,-1,816,431,132,371,0.5254,-1,-1,-1
211,-1,546,452,77,153,0.4337,-1,-1,-1
212,-1,1009,430,166,359,0.8054,-1,-1,-1
212,-1,882,424,138,379,0.6217,-1,-1,-1
212,-1,689,438,173,354,0.4917,-1,-1,-1
212,-1,799,427,141,380,0.4838,-1,-1,-1
212,-1,539,452,79,153,0.4396,-1,-1,-1
213,-1,1014,431,158,356,0.823,-1,-1,-1
213,-1,886,421,130,384,0.7498,-1,-1,-1
213,-1,794,420,140,388,0.5588,-1,-1,-1
213,-1,691,429,177,374,0.4268,-1,-1,-1
214,-1,1014,434,162,356,0.775,-1,-1,-1
214,-1,878,421,133,389,0.6547,-1,-1,-1
214,-1,810,427,131,379,0.5124,-1,-1,-1
215,-1,1014,431,159,365,0.7016,-1,-1,-1
215,-1,877,416,132,398,0.6642,-1,-1,-1
215,-1,814,423,136,389,0.5712,-1,-1,-1
216,-1,883,418,126,393,0.5808,-1,-1,-1
216,-1,1014,407,156,384,0.5363,-1,-1,-1
217,-1,895,415,124,394,0.6413,-1,-1,-1
217,-1,1068,402,140,376,0.5748,-1,-1,-1
218,-1,891,411,135,403,0.7236,-1,-1,-1
218,-1,1058,387,156,389,0.6443,-1,-1,-1
219,-1,889,416,137,399,0.8345,-1,-1,-1
219,-1,1067,419,143,355,0.7346,-1,-1,-1
219,-1,692,449,182,332,0.4738,-1,-1,-1
220,-1,894,420,131,387,0.7919,-1,-1,-1
220,-1,1074,421,141,359,0.7411,-1,-1,-1
220,-1,693,451,182,319,0.4448,-1,-1,-1
221,-1,1093,418,130,362,0.8478,-1,-1,-1
221,-1,892,411,138,403,0.8346,-1,-1,-1
222,-1,1097,415,129,361,0.8278,-1,-1,-1
222,-1,890,413,137,406,0.8144,-1,-1,-1
222,-1,692,473,174,380,0.4557,-1,-1,-1
222,-1,1046,429,103,361,0.4184,-1,-1,-1
223,-1,894,410,136,413,0.8437,-1,-1,-1
223,-1,1104,416,119,363,0.825,-1,-1,-1
223,-1,696,461,170,395,0.462,-1,-1,-1
224,-1,903,410,126,411,0.8644,-1,-1,-1
224,-1,1112,415,111,369,0.7805,-1,-1,-1
224,-1,700,469,158,386,0.4572,-1,-1,-1
224,-1,788,415,124,409,0.4571,-1,-1,-1
225,-1,904,406,127,417,0.8606,-1,-1,-1
225,-1,1107,394,115,391,0.7048,-1,-1,-1
225,-1,693,466,169,411,0.4762,-1,-1,-1
225,-1,777,412,135,417,0.4563,-1,-1,-1
226,-1,906,405,129,418,0.8827,-1,-1,-1
226,-1,1111,398,115,390,0.7461,-1,-1,-1
226,-1,776,410,138,418,0.52,-1,-1,-1
226,-1,700,478,165,356,0.4256,-1,-1,-1
227,-1,903,414,137,405,0.886,-1,-1,-1
227,-1,1109,423,118,367,0.7765,-1,-1,-1
227,-1,693,409,343,585,0.6027,-1,-1,-1
227,-1,766,412,149,414,0.4483,-1,-1,-1
228,-1,903,419,138,404,0.8818,-1,-1,-1
228,-1,1113,423,116,372,0.7754,-1,-1,-1
228,-1,689,414,356,581,0.6593,-1,-1,-1
228,-1,765,418,148,411,0.4763,-1,-1,-1
229,-1,908,417,138,403,0.874,-1,-1,-1
229,-1,1120,418,111,371,0.8254,-1,-1,-1
229,-1,698,418,346,580,0.5904,-1,-1,-1
229,-1,752,421,172,406,0.5773,-1,-1,-1
230,-1,904,413,141,413,0.8598,-1,-1,-1
230,-1,1118,413,121,380,0.8343,-1,-1,-1
230,-1,695,419,346,579,0.6661,-1,-1,-1
230,-1,763,420,160,412,0.5494,-1,-1,-1
230,-1,694,476,181,385,0.4234,-1,-1,-1
231,-1,1118,408,129,386,0.8392,-1,-1,-1
231,-1,897,413,152,422,0.7865,-1,-1,-1
231,-1,707,429,339,567,0.7677,-1,-1,-1
231,-1,768,420,159,417,0.5127,-1,-1,-1
232,-1,1120,413,138,385,0.8849,-1,-1,-1
232,-1,897,412,155,421,0.755,-1,-1,-1
232,-1,716,428,330,569,0.6686,-1,-1,-1
232,-1,771,419,155,412,0.5658,-1,-1,-1
233,-1,1119,411,142,389,0.844,-1,-1,-1
233,-1,894,414,157,430,0.6962,-1,-1,-1
233,-1,775,420,150,421,0.5889,-1,-1,-1
233,-1,730,432,320,561,0.475,-1,-1,-1
234,-1,1121,419,138,386,0.7827,-1,-1,-1
234,-1,900,422,144,414,0.6176,-1,-1,-1
234,-1,783,426,144,409,0.5496,-1,-1,-1
235,-1,1122,424,131,374,0.8018,-1,-1,-1
235,-1,899,428,149,409,0.6739,-1,-1,-1
235,-1,784,429,145,411,0.5839,-1,-1,-1
235,-1,573,454,68,148,0.4187,-1,-1,-1
236,-1,1129,428,118,363,0.7474,-1,-1,-1
236,-1,902,430,142,413,0.708,-1,-1,-1
236,-1,785,435,138,392,0.5525,-1,-1,-1
237,-1,897,418,152,448,0.7102,-1,-1,-1
237,-1,1141,436,108,339,0.6466,-1,-1,-1
237,-1,793,451,241,536,0.5365,-1,-1,-1
237,-1,786,429,142,424,0.5192,-1,-1,-1
237,-1,1188,422,106,353,0.5172,-1,-1,-1
238,-1,1184,412,120,377,0.6323,-1,-1,-1
238,-1,921,421,120,310,0.5471,-1,-1,-1
238,-1,1143,431,115,352,0.5261,-1,-1,-1
238,-1,749,425,306,571,0.4615,-1,-1,-1
239,-1,1194,417,112,358,0.6166,-1,-1,-1
239,-1,913,413,127,320,0.5589,-1,-1,-1
239,-1,798,435,233,550,0.5035,-1,-1,-1
239,-1,1154,419,83,240,0.4278,-1,-1,-1
240,-1,1211,432,96,333,0.6036,-1,-1,-1
240,-1,927,422,116,278,0.5837,-1,-1,-1
240,-1,804,434,222,562,0.4717,-1,-1,-1
241,-1,1201,428,109,346,0.6646,-1,-1,-1
241,-1,882,416,169,447,0.5699,-1,-1,-1
241,-1,793,421,152,449,0.4717,-1,-1,-1
242,-1,1196,428,114,341,0.6908,-1,-1,-1
242,-1,882,408,171,460,0.6776,-1,-1,-1
242,-1,792,417,156,463,0.5528,-1,-1,-1
243,-1,1197,422,117,352,0.7409,-1,-1,-1
243,-1,874,413,189,446,0.6397,-1,-1,-1
243,-1,807,552,242,447,0.5635,-1,-1,-1
243,-1,783,425,169,436,0.4517,-1,-1,-1
244,-1,1207,414,113,369,0.6951,-1,-1,-1
244,-1,881,418,177,441,0.5627,-1,-1,-1
245,-1,1210,409,114,383,0.7487,-1,-1,-1
245,-1,874,419,187,440,0.6458,-1,-1,-1
246,-1,1208,412,119,380,0.7849,-1,-1,-1
246,-1,870,418,192,440,0.6162,-1,-1,-1
247,-1,1211,406,119,390,0.8727,-1,-1,-1
247,-1,878,426,184,426,0.5877,-1,-1,-1
248,-1,1210,411,123,388,0.8142,-1,-1,-1
248,-1,882,426,173,417,0.6368,-1,-1,-1
248,-1,793,433,153,409,0.4158,-1,-1,-1
249,-1,1205,409,137,395,0.8757,-1,-1,-1
249,-1,896,424,160,418,0.635,-1,-1,-1
249,-1,794,441,135,415,0.5025,-1,-1,-1
250,-1,1210,419,157,385,0.8754,-1,-1,-1
250,-1,781,429,149,441,0.525,-1,-1,-1
250,-1,905,423,154,434,0.5132,-1,-1,-1
251,-1,1216,417,164,386,0.8862,-1,-1,-1
251,-1,905,425,154,438,0.582,-1,-1,-1
251,-1,789,424,140,446,0.5681,-1,-1,-1
252,-1,1220,424,168,381,0.7776,-1,-1,-1
252,-1,788,426,138,459,0.6032,-1,-1,-1
252,-1,905,433,171,451,0.4122,-1,-1,-1
253,-1,1219,419,182,387,0.7451,-1,-1,-1
253,-1,794,419,142,457,0.6424,-1,-1,-1
253,-1,872,619,241,401,0.5137,-1,-1,-1
254,-1,1219,421,184,383,0.76,-1,-1,-1
254,-1,798,423,144,452,0.7529,-1,-1,-1
254,-1,1815,442,96,316,0.566,-1,-1,-1
255,-1,1237,427,182,375,0.7463,-1,-1,-1
255,-1,792,430,147,444,0.694,-1,-1,-1
256,-1,1238,423,186,379,0.8008,-1,-1,-1
256,-1,788,431,164,448,0.6974,-1,-1,-1
256,-1,1799,403,111,370,0.5382,-1,-1,-1
256,-1,961,417,159,428,0.4068,-1,-1,-1
257,-1,1248,422,179,381,0.8145,-1,-1,-1
257,-1,785,436,167,450,0.6566,-1,-1,-1
257,-1,1796,415,116,352,0.4838,-1,-1,-1
258,-1,1257,425,171,383,0.8024,-1,-1,-1
258,-1,787,429,172,463,0.5932,-1,-1,-1
258,-1,1793,403,119,370,0.5579,-1,-1,-1
258,-1,940,431,187,598,0.4642,-1,-1,-1
259,-1,1275,433,159,369,0.6761,-1,-1,-1
259,-1,1774,394,134,393,0.6461,-1,-1,-1
259,-1,937,423,192,601,0.5594,-1,-1,-1
259,-1,783,421,183,476,0.507,-1,-1,-1
260,-1,1293,432,145,354,0.6443,-1,-1,-1
260,-1,1767,405,139,375,0.5817,-1,-1,-1
260,-1,945,411,182,606,0.5733,-1,-1,-1
260,-1,780,424,187,474,0.4857,-1,-1,-1
261,-1,1297,427,149,359,0.762,-1,-1,-1
261,-1,942,404,187,617,0.6497,-1,-1,-1
261,-1,1707,432,165,336,0.5329,-1,-1,-1
262,-1,1314,423,139,365,0.8498,-1,-1,-1
262,-1,935,410,202,614,0.6492,-1,-1,-1
262,-1,1691,416,196,349,0.5457,-1,-1,-1
262,-1,775,424,186,477,0.5204,-1,-1,-1
263,-1,1322,427,131,356,0.7562,-1,-1,-1
263,-1,926,416,215,609,0.687,-1,-1,-1
263,-1,1678,417,201,346,0.5654,-1,-1,-1
263,-1,774,426,188,476,0.4453,-1,-1,-1
264,-1,1322,419,140,369,0.8732,-1,-1,-1
264,-1,963,411,191,472,0.5308,-1,-1,-1
264,-1,1679,429,206,337,0.5249,-1,-1,-1
264,-1,773,420,181,483,0.4546,-1,-1,-1
265,-1,1324,419,137,373,0.7052,-1,-1,-1
265,-1,931,415,213,609,0.6784,-1,-1,-1
265,-1,778,420,178,484,0.4664,-1,-1,-1
266,-1,1332,413,136,399,0.6169,-1,-1,-1
266,-1,974,414,184,475,0.5561,-1,-1,-1
266,-1,777,419,179,480,0.5031,-1,-1,-1
267,-1,928,427,223,599,0.6944,-1,-1,-1
267,-1,1337,401,137,424,0.655,-1,-1,-1
267,-1,752,404,208,509,0.5233,-1,-1,-1
267,-1,1631,405,132,353,0.5206,-1,-1,-1
268,-1,1636,414,132,355,0.73,-1,-1,-1
268,-1,936,419,214,604,0.7013,-1,-1,-1
268,-1,1335,399,145,427,0.6388,-1,-1,-1
268,-1,751,407,204,510,0.5863,-1,-1,-1
269,-1,933,396,226,619,0.7929,-1,-1,-1
269,-1,1632,404,138,365,0.6587,-1,-1,-1
269,-1,1341,413,164,415,0.6576,-1,-1,-1
269,-1,761,407,195,509,0.5547,-1,-1,-1
270,-1,929,406,233,613,0.7136,-1,-1,-1
270,-1,1343,411,167,416,0.6454,-1,-1,-1
270,-1,1619,386,145,370,0.6054,-1,-1,-1
270,-1,778,421,176,473,0.442,-1,-1,-1
271,-1,1343,412,186,416,0.8375,-1,-1,-1
271,-1,931,400,237,607,0.6346,-1,-1,-1
271,-1,1613,392,142,369,0.6109,-1,-1,-1
271,-1,751,415,216,501,0.4536,-1,-1,-1
272,-1,1343,418,197,409,0.9261,-1,-1,-1
272,-1,1605,393,147,367,0.7133,-1,-1,-1
272,-1,933,395,248,613,0.6282,-1,-1,-1
272,-1,767,417,194,480,0.4029,-1,-1,-1
273,-1,1349,419,198,407,0.9219,-1,-1,-1
273,-1,936,396,243,611,0.6845,-1,-1,-1
273,-1,1602,407,146,352,0.6531,-1,-1,-1
274,-1,1368,418,198,410,0.9207,-1,-1,-1
274,-1,1596,415,149,346,0.8656,-1,-1,-1
274,-1,951,396,228,606,0.5787,-1,-1,-1
275,-1,1581,425,155,335,0.8903,-1,-1,-1
275,-1,1386,418,175,411,0.8561,-1,-1,-1
275,-1,955,418,227,593,0.4435,-1,-1,-1
276,-1,1570,429,154,334,0.8895,-1,-1,-1
276,-1,1394,411,172,407,0.8421,-1,-1,-1
276,-1,780,419,188,482,0.5062,-1,-1,-1
276,-1,985,409,179,464,0.4626,-1,-1,-1
277,-1,1554,421,169,344,0.8731,-1,-1,-1
277,-1,1394,401,177,420,0.8692,-1,-1,-1
277,-1,986,417,174,441,0.5009,-1,-1,-1
277,-1,790,433,176,466,0.462,-1,-1,-1
278,-1,1401,409,176,411,0.8852,-1,-1,-1
278,-1,1559,432,163,323,0.8386,-1,-1,-1
278,-1,1490,422,163,359,0.6078,-1,-1,-1
278,-1,771,412,197,508,0.52,-1,-1,-1
278,-1,995,413,161,434,0.4742,-1,-1,-1
279,-1,1422,409,148,399,0.7946,-1,-1,-1
279,-1,1483,411,170,386,0.7358,-1,-1,-1
279,-1,1565,427,151,331,0.6985,-1,-1,-1
279,-1,762,416,199,501,0.6016,-1,-1,-1
279,-1,991,413,169,448,0.4566,-1,-1,-1
280,-1,1450,406,202,422,0.6974,-1,-1,-1
280,-1,992,413,163,440,0.631,-1,-1,-1
280,-1,773,413,187,504,0.6299,-1,-1,-1
281,-1,1446,401,204,429,0.7549,-1,-1,-1
281,-1,779,427,184,490,0.5362,-1,-1,-1
281,-1,993,417,159,446,0.44,-1,-1,-1
282,-1,1440,403,202,435,0.6952,-1,-1,-1
282,-1,991,414,163,447,0.4877,-1,-1,-1
282,-1,780,433,179,488,0.4742,-1,-1,-1
283,-1,1446,402,189,445,0.5608,-1,-1,-1
283,-1,783,418,178,506,0.4339,-1,-1,-1
283,-1,999,409,154,469,0.4192,-1,-1,-1
284,-1,1448,409,188,426,0.572,-1,-1,-1
284,-1,984,411,192,600,0.4241,-1,-1,-1
285,-1,1454,408,181,437,0.7487,-1,-1,-1
285,-1,981,409,188,593,0.458,-1,-1,-1
286,-1,1464,409,189,449,0.8307,-1,-1,-1
287,-1,1470,405,195,447,0.8975,-1,-1,-1
288,-1,1478,410,205,458,0.7998,-1,-1,-1
288,-1,975,414,205,589,0.5872,-1,-1,-1
289,-1,980,409,214,586,0.6623,-1,-1,-1
289,-1,1480,415,196,454,0.6457,-1,-1,-1
290,-1,973,404,216,614,0.7637,-1,-1,-1
290,-1,1459,418,245,432,0.6608,-1,-1,-1
290,-1,835,420,93,242,0.4365,-1,-1,-1
291,-1,977,420,201,603,0.5488,-1,-1,-1
291,-1,1452,420,254,435,0.5436,-1,-1,-1
292,-1,981,415,200,603,0.624,-1,-1,-1
292,-1,1521,426,229,454,0.6115,-1,-1,-1
292,-1,1414,426,127,285,0.5203,-1,-1,-1
293,-1,1533,412,210,440,0.7781,-1,-1,-1
293,-1,986,406,202,611,0.6909,-1,-1,-1
293,-1,1425,416,102,262,0.4693,-1,-1,-1
293,-1,827,422,106,239,0.4601,-1,-1,-1
294,-1,1533,415,217,450,0.7916,-1,-1,-1
294,-1,1424,408,109,281,0.7475,-1,-1,-1
294,-1,989,398,208,618,0.7415,-1,-1,-1
295,-1,1529,405,235,459,0.7811,-1,-1,-1
295,-1,1412,404,109,286,0.7594,-1,-1,-1
295,-1,996,401,198,606,0.5596,-1,-1,-1
296,-1,1529,399,239,437,0.808,-1,-1,-1
296,-1,1396,403,95,280,0.7705,-1,-1,-1
296,-1,991,405,216,604,0.7383,-1,-1,-1
296,-1,837,433,98,221,0.4246,-1,-1,-1
297,-1,1537,399,238,471,0.7694,-1,-1,-1
297,-1,987,406,216,598,0.685,-1,-1,-1
297,-1,1389,406,95,271,0.5556,-1,-1,-1
298,-1,1558,400,226,476,0.8399,-1,-1,-1
298,-1,989,406,230,598,0.6684,-1,-1,-1
298,-1,1390,412,99,268,0.4291,-1,-1,-1
299,-1,1580,391,201,480,0.7356,-1,-1,-1
299,-1,992,401,228,597,0.6923,-1,-1,-1
299,-1,1371,404,126,315,0.5441,-1,-1,-1
300,-1,976,400,239,586,0.7569,-1,-1,-1
300,-1,1590,379,194,485,0.6582,-1,-1,-1
300,-1,1371,419,119,298,0.5021,-1,-1,-1
301,-1,981,400,234,582,0.7674,-1,-1,-1
301,-1,1601,387,182,476,0.6655,-1,-1,-1
302,-1,973,401,250,585,0.8217,-1,-1,-1
302,-1,1606,392,186,464,0.4977,-1,-1,-1
303,-1,977,393,245,592,0.8526,-1,-1,-1
303,-1,811,430,98,228,0.4246,-1,-1,-1
303,-1,1342,395,104,292,0.4181,-1,-1,-1
304,-1,974,395,254,600,0.8986,-1,-1,-1
304,-1,1337,396,108,301,0.481,-1,-1,-1
304,-1,817,427,100,230,0.4162,-1,-1,-1
305,-1,978,397,251,602,0.9065,-1,-1,-1
305,-1,1340,399,97,293,0.5504,-1,-1,-1
306,-1,983,393,251,608,0.9373,-1,-1,-1
306,-1,1652,406,191,462,0.4436,-1,-1,-1
306,-1,1314,400,138,314,0.4392,-1,-1,-1
307,-1,979,394,259,608,0.9508,-1,-1,-1
307,-1,1301,400,152,317,0.564,-1,-1,-1
307,-1,1656,410,196,448,0.4507,-1,-1,-1
308,-1,985,394,250,608,0.9077,-1,-1,-1
308,-1,1313,403,120,292,0.4572,-1,-1,-1
308,-1,1644,382,236,515,0.4445,-1,-1,-1
309,-1,985,390,255,611,0.9407,-1,-1,-1
309,-1,1638,395,258,505,0.5438,-1,-1,-1
310,-1,976,396,261,606,0.9354,-1,-1,-1
310,-1,1608,386,302,535,0.6035,-1,-1,-1
311,-1,978,397,250,598,0.858,-1,-1,-1
311,-1,1643,394,264,507,0.5923,-1,-1,-1
312,-1,985,393,253,605,0.8293,-1,-1,-1
312,-1,1650,447,253,436,0.6211,-1,-1,-1
312,-1,1613,388,145,326,0.458,-1,-1,-1
313,-1,973,394,260,602,0.8083,-1,-1,-1
313,-1,1256,398,100,284,0.6371,-1,-1,-1
313,-1,1616,395,150,303,0.5225,-1,-1,-1
313,-1,7,401,149,479,0.4919,-1,-1,-1
314,-1,990,387,241,614,0.7314,-1,-1,-1
314,-1,1621,399,150,286,0.6243,-1,-1,-1
314,-1,13,398,168,474,0.6241,-1,-1,-1
314,-1,1255,396,103,292,0.618,-1,-1,-1
315,-1,994,377,242,621,0.72,-1,-1,-1
315,-1,19,416,168,438,0.6778,-1,-1,-1
315,-1,1628,403,145,266,0.5383,-1,-1,-1
315,-1,1259,396,97,289,0.4609,-1,-1,-1
316,-1,9,404,211,445,0.7666,-1,-1,-1
316,-1,993,364,239,636,0.652,-1,-1,-1
316,-1,1629,399,147,273,0.5951,-1,-1,-1
317,-1,1,423,241,435,0.8953,-1,-1,-1
317,-1,1068,367,225,635,0.7001,-1,-1,-1
317,-1,1246,396,106,293,0.4975,-1,-1,-1
317,-1,1638,406,133,245,0.4311,-1,-1,-1
318,-1,0,428,263,426,0.9467,-1,-1,-1
318,-1,987,365,248,634,0.6439,-1,-1,-1
318,-1,1241,395,110,296,0.4534,-1,-1,-1
319,-1,5,420,271,429,0.9469,-1,-1,-1
319,-1,986,355,227,643,0.6217,-1,-1,-1
319,-1,1240,393,101,300,0.6142,-1,-1,-1
319,-1,1079,366,214,636,0.5358,-1,-1,-1
320,-1,12,432,274,420,0.9597,-1,-1,-1
320,-1,993,359,231,640,0.5525,-1,-1,-1
320,-1,1232,399,99,292,0.4352,-1,-1,-1
321,-1,10,439,285,415,0.9567,-1,-1,-1
321,-1,1820,381,93,367,0.5186,-1,-1,-1
321,-1,986,385,249,613,0.4773,-1,-1,-1
322,-1,25,445,271,403,0.9667,-1,-1,-1
322,-1,1820,377,92,368,0.4602,-1,-1,-1
322,-1,1218,410,104,273,0.4151,-1,-1,-1
323,-1,38,447,262,396,0.9692,-1,-1,-1
323,-1,1075,390,221,603,0.5353,-1,-1,-1
323,-1,1215,405,102,283,0.4333,-1,-1,-1
324,-1,52,444,250,398,0.9404,-1,-1,-1
324,-1,1053,394,253,599,0.5981,-1,-1,-1
324,-1,1811,376,100,410,0.4722,-1,-1,-1
325,-1,59,431,249,410,0.9524,-1,-1,-1
325,-1,1058,391,258,602,0.7888,-1,-1,-1
326,-1,58,425,252,417,0.8754,-1,-1,-1
326,-1,1063,376,243,617,0.6238,-1,-1,-1
326,-1,1701,357,190,494,0.523,-1,-1,-1
327,-1,71,437,240,410,0.6998,-1,-1,-1
327,-1,1058,373,258,621,0.6998,-1,-1,-1
327,-1,1771,382,137,484,0.4542,-1,-1,-1
328,-1,106,415,213,422,0.7169,-1,-1,-1
328,-1,1062,377,251,615,0.6492,-1,-1,-1
328,-1,1770,382,137,462,0.4109,-1,-1,-1
329,-1,1049,376,267,617,0.7765,-1,-1,-1
329,-1,113,416,201,419,0.7521,-1,-1,-1
330,-1,1059,372,256,623,0.8458,-1,-1,-1
330,-1,137,418,179,412,0.792,-1,-1,-1
331,-1,141,416,196,413,0.9414,-1,-1,-1
331,-1,1060,376,264,619,0.9074,-1,-1,-1
332,-1,148,397,203,427,0.8989,-1,-1,-1
332,-1,1055,381,265,613,0.8756,-1,-1,-1
332,-1,1649,414,104,190,0.4549,-1,-1,-1
333,-1,164,433,201,396,0.8956,-1,-1,-1
333,-1,1062,376,259,616,0.8395,-1,-1,-1
333,-1,855,437,204,518,0.4344,-1,-1,-1
334,-1,180,416,196,407,0.9003,-1,-1,-1
334,-1,1058,368,271,624,0.894,-1,-1,-1
335,-1,1063,370,265,624,0.9094,-1,-1,-1
335,-1,186,419,199,405,0.8473,-1,-1,-1
336,-1,1066,374,268,619,0.8931,-1,-1,-1
336,-1,196,434,196,388,0.7187,-1,-1,-1
337,-1,1068,373,267,619,0.9141,-1,-1,-1
337,-1,203,441,208,378,0.8389,-1,-1,-1
338,-1,1079,375,253,616,0.9217,-1,-1,-1
338,-1,201,442,214,375,0.83,-1,-1,-1
339,-1,1088,369,242,624,0.8948,-1,-1,-1
339,-1,201,439,240,375,0.8754,-1,-1,-1
340,-1,208,419,236,397,0.9234,-1,-1,-1
340,-1,1079,380,254,612,0.9197,-1,-1,-1
340,-1,0,419,108,358,0.6133,-1,-1,-1
341,-1,1071,382,263,611,0.9618,-1,-1,-1
341,-1,208,442,236,372,0.9591,-1,-1,-1
341,-1,7,428,114,357,0.5964,-1,-1,-1
341,-1,862,430,202,521,0.4015,-1,-1,-1
342,-1,1074,379,261,614,0.9764,-1,-1,-1
342,-1,222,440,227,374,0.9705,-1,-1,-1
342,-1,8,427,104,350,0.7042,-1,-1,-1
342,-1,868,431,199,520,0.4286,-1,-1,-1
343,-1,234,433,229,384,0.9792,-1,-1,-1
343,-1,1072,382,257,612,0.9606,-1,-1,-1
343,-1,7,415,125,376,0.7523,-1,-1,-1
343,-1,866,438,205,509,0.4071,-1,-1,-1
344,-1,239,432,222,383,0.9781,-1,-1,-1
344,-1,1072,385,259,608,0.9752,-1,-1,-1
344,-1,15,414,129,390,0.6883,-1,-1,-1
344,-1,866,438,206,509,0.4357,-1,-1,-1
345,-1,1074,383,257,612,0.9752,-1,-1,-1
345,-1,251,426,211,387,0.9734,-1,-1,-1
345,-1,14,422,139,369,0.7688,-1,-1,-1
346,-1,1072,380,260,613,0.972,-1,-1,-1
346,-1,260,417,209,398,0.9441,-1,-1,-1
346,-1,24,425,138,357,0.7583,-1,-1,-1
347,-1,1079,390,257,600,0.969,-1,-1,-1
347,-1,259,407,206,411,0.9511,-1,-1,-1
347,-1,30,432,137,340,0.7657,-1,-1,-1
348,-1,1087,375,245,617,0.9517,-1,-1,-1
348,-1,253,415,205,400,0.9255,-1,-1,-1
348,-1,27,429,144,361,0.6594,-1,-1,-1
349,-1,1082,384,249,607,0.9439,-1,-1,-1
349,-1,281,427,190,376,0.9046,-1,-1,-1
349,-1,39,433,145,358,0.4651,-1,-1,-1
349,-1,879,417,186,492,0.4594,-1,-1,-1
350,-1,278,429,199,376,0.9468,-1,-1,-1
350,-1,1069,383,266,606,0.9328,-1,-1,-1
350,-1,46,424,148,367,0.8436,-1,-1,-1
351,-1,288,426,194,380,0.9251,-1,-1,-1
351,-1,1062,382,273,606,0.9223,-1,-1,-1
351,-1,55,433,160,354,0.8517,-1,-1,-1
351,-1,935,371,260,621,0.4145,-1,-1,-1
352,-1,1070,385,268,608,0.9379,-1,-1,-1
352,-1,57,437,183,354,0.8366,-1,-1,-1
352,-1,291,421,190,381,0.7738,-1,-1,-1
352,-1,945,381,237,615,0.4004,-1,-1,-1
353,-1,1062,388,278,601,0.9376,-1,-1,-1
353,-1,65,413,187,393,0.8007,-1,-1,-1
353,-1,300,402,192,383,0.5953,-1,-1,-1
353,-1,948,374,257,621,0.4033,-1,-1,-1
354,-1,1081,385,252,602,0.9314,-1,-1,-1
354,-1,82,436,180,370,0.9177,-1,-1,-1
354,-1,308,422,165,369,0.5917,-1,-1,-1
355,-1,1082,383,249,602,0.9339,-1,-1,-1
355,-1,99,436,155,358,0.9095,-1,-1,-1
355,-1,355,419,153,366,0.7165,-1,-1,-1
355,-1,1,434,100,358,0.4918,-1,-1,-1
356,-1,1067,382,269,601,0.9378,-1,-1,-1
356,-1,106,435,155,369,0.7998,-1,-1,-1
356,-1,359,425,157,359,0.7983,-1,-1,-1
356,-1,0,441,110,404,0.4736,-1,-1,-1
357,-1,1077,390,258,598,0.9008,-1,-1,-1
357,-1,360,417,164,379,0.7533,-1,-1,-1
357,-1,4,469,128,365,0.6455,-1,-1,-1
357,-1,102,458,158,357,0.6196,-1,-1,-1
358,-1,1076,392,260,592,0.8957,-1,-1,-1
358,-1,362,430,185,379,0.8706,-1,-1,-1
358,-1,7,476,141,357,0.6676,-1,-1,-1
358,-1,143,433,147,360,0.5234,-1,-1,-1
359,-1,365,449,199,356,0.9012,-1,-1,-1
359,-1,1076,394,261,592,0.8178,-1,-1,-1
359,-1,141,431,146,373,0.5423,-1,-1,-1
359,-1,5,460,139,373,0.5396,-1,-1,-1
359,-1,926,396,224,584,0.4053,-1,-1,-1
360,-1,366,449,211,354,0.9029,-1,-1,-1
360,-1,1077,388,260,597,0.9006,-1,-1,-1
360,-1,12,470,132,367,0.7187,-1,-1,-1
360,-1,71,450,152,377,0.5673,-1,-1,-1
360,-1,157,436,140,367,0.5508,-1,-1,-1
361,-1,1073,395,264,594,0.9113,-1,-1,-1
361,-1,372,443,202,360,0.8549,-1,-1,-1
361,-1,10,471,136,368,0.7428,-1,-1,-1
361,-1,67,452,164,380,0.7184,-1,-1,-1
362,-1,1077,390,261,601,0.9327,-1,-1,-1
362,-1,33,456,206,379,0.8672,-1,-1,-1
362,-1,369,454,205,345,0.8318,-1,-1,-1
362,-1,900,413,176,479,0.406,-1,-1,-1
363,-1,1074,388,264,600,0.9351,-1,-1,-1
363,-1,372,464,207,333,0.8716,-1,-1,-1
363,-1,44,437,195,402,0.8092,-1,-1,-1
364,-1,1076,384,265,610,0.9386,-1,-1,-1
364,-1,380,456,199,345,0.8324,-1,-1,-1
364,-1,52,441,185,400,0.7701,-1,-1,-1
364,-1,900,425,163,453,0.4591,-1,-1,-1
364,-1,265,464,127,331,0.4125,-1,-1,-1
365,-1,373,451,218,352,0.9456,-1,-1,-1
365,-1,1077,384,263,606,0.9455,-1,-1,-1
365,-1,32,430,206,405,0.8462,-1,-1,-1
365,-1,950,387,217,600,0.4329,-1,-1,-1
366,-1,379,447,211,356,0.9217,-1,-1,-1
366,-1,1091,393,239,597,0.9126,-1,-1,-1
366,-1,38,427,213,404,0.8976,-1,-1,-1
366,-1,934,396,207,589,0.4241,-1,-1,-1
366,-1,250,466,133,332,0.4107,-1,-1,-1
367,-1,1091,382,242,608,0.9344,-1,-1,-1
367,-1,32,436,221,398,0.919,-1,-1,-1
367,-1,384,462,199,340,0.8821,-1,-1,-1
367,-1,253,471,127,323,0.4934,-1,-1,-1
367,-1,936,390,207,597,0.4328,-1,-1,-1
368,-1,45,446,201,381,0.947,-1,-1,-1
368,-1,1085,382,254,605,0.9393,-1,-1,-1
368,-1,387,467,189,329,0.6886,-1,-1,-1
368,-1,260,472,127,316,0.4838,-1,-1,-1
368,-1,937,386,215,600,0.4018,-1,-1,-1
369,-1,1077,383,264,606,0.9337,-1,-1,-1
369,-1,55,435,192,387,0.8879,-1,-1,-1
369,-1,256,454,134,313,0.6578,-1,-1,-1
369,-1,380,464,187,334,0.5961,-1,-1,-1
369,-1,940,388,230,601,0.4291,-1,-1,-1
370,-1,1087,383,250,609,0.9163,-1,-1,-1
370,-1,81,425,168,397,0.7973,-1,-1,-1
370,-1,257,458,175,342,0.7622,-1,-1,-1
370,-1,376,455,205,344,0.744,-1,-1,-1
370,-1,934,392,224,597,0.5112,-1,-1,-1
370,-1,155,450,179,359,0.4016,-1,-1,-1
371,-1,1090,389,246,608,0.8991,-1,-1,-1
371,-1,257,456,119,314,0.7272,-1,-1,-1
371,-1,99,422,156,408,0.6201,-1,-1,-1
371,-1,453,422,154,354,0.5851,-1,-1,-1
371,-1,181,443,139,355,0.4695,-1,-1,-1
372,-1,1089,390,249,606,0.9211,-1,-1,-1
372,-1,256,449,139,321,0.8327,-1,-1,-1
372,-1,108,432,153,394,0.6749,-1,-1,-1
372,-1,457,426,151,346,0.6302,-1,-1,-1
372,-1,166,439,150,362,0.5914,-1,-1,-1
373,-1,1093,392,238,605,0.9268,-1,-1,-1
373,-1,270,443,145,325,0.9053,-1,-1,-1
373,-1,117,461,143,361,0.7319,-1,-1,-1
373,-1,462,434,147,331,0.637,-1,-1,-1
374,-1,1093,382,234,613,0.9249,-1,-1,-1
374,-1,268,445,143,332,0.8405,-1,-1,-1
374,-1,461,439,159,328,0.7983,-1,-1,-1
374,-1,148,447,185,367,0.7924,-1,-1,-1
374,-1,951,388,201,606,0.5181,-1,-1,-1
375,-1,1073,379,263,615,0.9164,-1,-1,-1
375,-1,135,445,206,371,0.8906,-1,-1,-1
375,-1,461,441,162,326,0.8104,-1,-1,-1
375,-1,270,450,140,329,0.759,-1,-1,-1
375,-1,952,384,233,611,0.6182,-1,-1,-1
376,-1,138,461,215,359,0.9693,-1,-1,-1
376,-1,1066,383,270,612,0.9236,-1,-1,-1
376,-1,466,447,156,313,0.8074,-1,-1,-1
376,-1,270,457,135,320,0.6893,-1,-1,-1
376,-1,966,390,231,606,0.5219,-1,-1,-1
377,-1,143,465,213,355,0.9788,-1,-1,-1
377,-1,1053,392,285,601,0.9229,-1,-1,-1
377,-1,415,447,223,313,0.7097,-1,-1,-1
377,-1,285,461,120,311,0.607,-1,-1,-1
378,-1,166,467,186,353,0.9397,-1,-1,-1
378,-1,1066,391,276,602,0.9203,-1,-1,-1
378,-1,432,435,210,331,0.6618,-1,-1,-1
378,-1,104,487,152,335,0.5931,-1,-1,-1
378,-1,277,447,123,331,0.5876,-1,-1,-1
378,-1,977,396,239,599,0.4327,-1,-1,-1
379,-1,169,486,189,333,0.9572,-1,-1,-1
379,-1,1088,393,244,598,0.9204,-1,-1,-1
379,-1,457,437,183,327,0.7802,-1,-1,-1
379,-1,105,489,167,329,0.4679,-1,-1,-1
379,-1,284,463,114,303,0.4646,-1,-1,-1
379,-1,365,455,213,311,0.4116,-1,-1,-1
379,-1,978,399,202,593,0.4091,-1,-1,-1
380,-1,450,435,201,334,0.9569,-1,-1,-1
380,-1,1094,389,236,602,0.921,-1,-1,-1
380,-1,174,474,189,342,0.9108,-1,-1,-1
380,-1,274,460,117,313,0.6332,-1,-1,-1
380,-1,94,480,164,338,0.5555,-1,-1,-1
380,-1,375,455,191,310,0.4534,-1,-1,-1
380,-1,979,398,199,596,0.4035,-1,-1,-1
381,-1,465,434,185,337,0.9653,-1,-1,-1
381,-1,171,454,200,357,0.9253,-1,-1,-1
381,-1,1097,392,230,602,0.889,-1,-1,-1
381,-1,261,451,142,324,0.7986,-1,-1,-1
381,-1,377,447,162,319,0.457,-1,-1,-1
382,-1,1095,391,237,601,0.9307,-1,-1,-1
382,-1,474,434,180,341,0.9067,-1,-1,-1
382,-1,170,450,204,363,0.8825,-1,-1,-1
382,-1,977,396,202,597,0.4485,-1,-1,-1
383,-1,488,438,175,332,0.934,-1,-1,-1
383,-1,1096,391,235,603,0.9311,-1,-1,-1
383,-1,239,446,177,352,0.8511,-1,-1,-1
383,-1,30,445,217,369,0.6114,-1,-1,-1
383,-1,976,393,193,603,0.4568,-1,-1,-1
384,-1,1088,391,240,600,0.9242,-1,-1,-1
384,-1,505,444,154,323,0.8734,-1,-1,-1
384,-1,180,474,179,337,0.8613,-1,-1,-1
384,-1,290,465,138,304,0.8104,-1,-1,-1
384,-1,7,429,157,387,0.7672,-1,-1,-1
384,-1,374,456,125,304,0.5898,-1,-1,-1
384,-1,982,395,197,601,0.4526,-1,-1,-1
385,-1,1096,391,231,601,0.9127,-1,-1,-1
385,-1,11,460,235,353,0.8487,-1,-1,-1
385,-1,303,463,136,308,0.8187,-1,-1,-1
385,-1,515,453,152,310,0.8101,-1,-1,-1
385,-1,171,479,195,332,0.7825,-1,-1,-1
385,-1,364,455,134,309,0.6859,-1,-1,-1
385,-1,981,394,195,600,0.4481,-1,-1,-1
386,-1,1100,391,231,604,0.9187,-1,-1,-1
386,-1,511,445,156,326,0.861,-1,-1,-1
386,-1,13,469,217,342,0.821,-1,-1,-1
386,-1,291,464,147,314,0.8158,-1,-1,-1
386,-1,185,484,175,324,0.7668,-1,-1,-1
386,-1,359,450,140,321,0.5742,-1,-1,-1
386,-1,977,397,196,599,0.483,-1,-1,-1
387,-1,1082,402,254,591,0.9174,-1,-1,-1
387,-1,283,464,161,319,0.8106,-1,-1,-1
387,-1,510,442,156,328,0.7884,-1,-1,-1
387,-1,9,443,213,371,0.7208,-1,-1,-1
387,-1,193,476,173,334,0.5896,-1,-1,-1
387,-1,357,447,145,327,0.5578,-1,-1,-1
387,-1,993,408,207,589,0.4238,-1,-1,-1
388,-1,1076,399,249,595,0.8809,-1,-1,-1
388,-1,303,465,138,318,0.7759,-1,-1,-1
388,-1,523,456,134,305,0.6992,-1,-1,-1
388,-1,361,449,139,325,0.5983,-1,-1,-1
388,-1,15,427,192,379,0.4817,-1,-1,-1
388,-1,181,443,190,367,0.4019,-1,-1,-1
389,-1,1057,400,270,594,0.8815,-1,-1,-1
389,-1,269,450,183,339,0.8511,-1,-1,-1
389,-1,16,402,198,404,0.6255,-1,-1,-1
389,-1,515,457,150,298,0.5845,-1,-1,-1
390,-1,280,447,169,351,0.8927,-1,-1,-1
390,-1,1073,395,252,597,0.8829,-1,-1,-1
390,-1,30,414,185,393,0.8061,-1,-1,-1
390,-1,517,440,144,325,0.6477,-1,-1,-1
390,-1,569,437,157,321,0.5133,-1,-1,-1
391,-1,36,415,205,386,0.9511,-1,-1,-1
391,-1,284,447,174,353,0.946,-1,-1,-1
391,-1,1075,399,242,594,0.8134,-1,-1,-1
391,-1,512,446,150,317,0.6055,-1,-1,-1
391,-1,569,444,153,309,0.4632,-1,-1,-1
392,-1,58,425,179,380,0.9081,-1,-1,-1
392,-1,291,452,154,347,0.8945,-1,-1,-1
392,-1,1064,405,256,590,0.7832,-1,-1,-1
392,-1,507,444,140,324,0.7398,-1,-1,-1
392,-1,580,435,147,328,0.6754,-1,-1,-1
392,-1,364,445,141,330,0.6631,-1,-1,-1
393,-1,296,450,150,346,0.8604,-1,-1,-1
393,-1,1066,401,257,591,0.8062,-1,-1,-1
393,-1,71,425,164,376,0.7958,-1,-1,-1
393,-1,516,443,122,319,0.7606,-1,-1,-1
393,-1,590,431,133,326,0.7425,-1,-1,-1
393,-1,363,442,144,334,0.7226,-1,-1,-1
394,-1,78,432,171,369,0.8393,-1,-1,-1
394,-1,592,436,139,319,0.8201,-1,-1,-1
394,-1,297,455,158,340,0.8047,-1,-1,-1
394,-1,1055,403,262,592,0.7572,-1,-1,-1
394,-1,522,449,106,304,0.7063,-1,-1,-1
395,-1,90,432,171,368,0.876,-1,-1,-1
395,-1,1068,400,258,594,0.8517,-1,-1,-1
395,-1,589,440,145,311,0.7828,-1,-1,-1
395,-1,310,449,166,349,0.7764,-1,-1,-1
395,-1,511,452,97,299,0.6241,-1,-1,-1
396,-1,1064,402,258,595,0.832,-1,-1,-1
396,-1,360,435,157,345,0.8143,-1,-1,-1
396,-1,590,440,149,308,0.7811,-1,-1,-1
396,-1,100,427,165,380,0.7334,-1,-1,-1
396,-1,506,448,101,297,0.5671,-1,-1,-1
397,-1,582,435,169,318,0.8938,-1,-1,-1
397,-1,1076,400,251,595,0.879,-1,-1,-1
397,-1,350,446,163,331,0.7849,-1,-1,-1
397,-1,103,431,159,378,0.6441,-1,-1,-1
397,-1,303,453,147,348,0.5377,-1,-1,-1
397,-1,520,446,111,301,0.4432,-1,-1,-1
398,-1,1073,402,262,595,0.9209,-1,-1,-1
398,-1,590,435,168,313,0.8431,-1,-1,-1
398,-1,353,447,164,331,0.7398,-1,-1,-1
398,-1,98,441,165,363,0.6252,-1,-1,-1
398,-1,514,446,113,302,0.51,-1,-1,-1
399,-1,1071,414,268,583,0.9319,-1,-1,-1
399,-1,606,434,148,317,0.9183,-1,-1,-1
399,-1,368,440,152,338,0.8169,-1,-1,-1
399,-1,494,442,102,311,0.7363,-1,-1,-1
399,-1,122,447,198,349,0.5282,-1,-1,-1
399,-1,314,453,140,335,0.4966,-1,-1,-1
400,-1,1070,399,264,596,0.9408,-1,-1,-1
400,-1,602,439,153,311,0.8765,-1,-1,-1
400,-1,382,445,136,331,0.7648,-1,-1,-1
400,-1,487,446,99,303,0.7297,-1,-1,-1
400,-1,116,444,200,353,0.6824,-1,-1,-1
400,-1,338,461,115,320,0.5713,-1,-1,-1
401,-1,1064,402,270,596,0.9294,-1,-1,-1
401,-1,598,440,158,307,0.7842,-1,-1,-1
401,-1,489,447,91,298,0.7327,-1,-1,-1
401,-1,120,454,205,341,0.7168,-1,-1,-1
401,-1,389,450,123,319,0.6712,-1,-1,-1
401,-1,325,470,121,317,0.6414,-1,-1,-1
402,-1,1062,394,277,603,0.9684,-1,-1,-1
402,-1,481,440,113,309,0.8061,-1,-1,-1
402,-1,604,440,158,306,0.7571,-1,-1,-1
402,-1,394,441,133,322,0.7399,-1,-1,-1
402,-1,128,451,196,345,0.7335,-1,-1,-1
402,-1,351,458,98,318,0.6105,-1,-1,-1
403,-1,1057,400,274,600,0.9458,-1,-1,-1
403,-1,141,450,212,344,0.888,-1,-1,-1
403,-1,398,438,137,323,0.8248,-1,-1,-1
403,-1,472,434,121,318,0.7969,-1,-1,-1
403,-1,607,433,175,315,0.772,-1,-1,-1
403,-1,347,459,105,317,0.6615,-1,-1,-1
404,-1,1053,400,278,598,0.9665,-1,-1,-1
404,-1,149,463,208,331,0.9577,-1,-1,-1
404,-1,396,452,142,304,0.7661,-1,-1,-1
404,-1,478,438,119,312,0.6302,-1,-1,-1
404,-1,603,433,184,320,0.6301,-1,-1,-1
405,-1,151,458,205,335,0.9627,-1,-1,-1
405,-1,1044,399,288,600,0.955,-1,-1,-1
405,-1,399,454,154,313,0.8657,-1,-1,-1
405,-1,476,442,123,311,0.6757,-1,-1,-1
405,-1,610,439,172,314,0.6398,-1,-1,-1
406,-1,1048,392,280,609,0.9586,-1,-1,-1
406,-1,157,464,189,331,0.9547,-1,-1,-1
406,-1,399,462,148,291,0.7873,-1,-1,-1
406,-1,471,450,133,296,0.5766,-1,-1,-1
407,-1,1040,396,283,609,0.9195,-1,-1,-1
407,-1,163,459,192,334,0.8896,-1,-1,-1
407,-1,399,457,146,300,0.8666,-1,-1,-1
407,-1,485,455,131,289,0.6106,-1,-1,-1
407,-1,600,449,171,298,0.4033,-1,-1,-1
408,-1,1052,395,268,612,0.9274,-1,-1,-1
408,-1,403,452,141,310,0.8266,-1,-1,-1
408,-1,168,447,178,343,0.7527,-1,-1,-1
408,-1,477,449,129,302,0.5681,-1,-1,-1
408,-1,603,445,174,310,0.5304,-1,-1,-1
409,-1,1057,394,265,608,0.94,-1,-1,-1
409,-1,402,455,144,307,0.8574,-1,-1,-1
409,-1,191,449,173,323,0.8015,-1,-1,-1
409,-1,479,447,130,309,0.6977,-1,-1,-1
409,-1,607,442,166,313,0.6904,-1,-1,-1
410,-1,1054,391,272,609,0.9459,-1,-1,-1
410,-1,612,436,154,322,0.794,-1,-1,-1
410,-1,496,448,114,308,0.7096,-1,-1,-1
410,-1,404,456,133,310,0.6568,-1,-1,-1
410,-1,205,441,169,329,0.5775,-1,-1,-1
411,-1,1048,393,275,608,0.9481,-1,-1,-1
411,-1,403,450,139,323,0.8222,-1,-1,-1
411,-1,609,433,150,328,0.8145,-1,-1,-1
411,-1,488,441,126,321,0.7992,-1,-1,-1
411,-1,226,449,201,325,0.6897,-1,-1,-1
412,-1,1042,393,282,611,0.9444,-1,-1,-1
412,-1,480,439,118,315,0.8891,-1,-1,-1
412,-1,617,435,140,319,0.7864,-1,-1,-1
412,-1,421,452,129,310,0.7319,-1,-1,-1
412,-1,244,461,147,298,0.6838,-1,-1,-1
413,-1,1042,384,277,625,0.9468,-1,-1,-1
413,-1,489,448,117,306,0.8924,-1,-1,-1
413,-1,618,441,131,309,0.724,-1,-1,-1
413,-1,663,432,145,309,0.7199,-1,-1,-1
413,-1,262,464,130,294,0.675,-1,-1,-1
413,-1,424,462,120,295,0.5451,-1,-1,-1
414,-1,1036,384,280,623,0.9194,-1,-1,-1
414,-1,482,452,143,304,0.9017,-1,-1,-1
414,-1,259,461,144,306,0.8129,-1,-1,-1
414,-1,662,439,153,298,0.7731,-1,-1,-1
414,-1,416,462,131,302,0.4887,-1,-1,-1
415,-1,1001,393,270,628,0.8938,-1,-1,-1
415,-1,470,446,157,309,0.8764,-1,-1,-1
415,-1,268,456,146,318,0.8146,-1,-1,-1
415,-1,664,435,154,303,0.6919,-1,-1,-1
415,-1,403,455,138,311,0.4105,-1,-1,-1
416,-1,487,457,143,291,0.8864,-1,-1,-1
416,-1,1012,390,258,629,0.8798,-1,-1,-1
416,-1,278,458,146,312,0.8108,-1,-1,-1
416,-1,682,438,142,296,0.8036,-1,-1,-1
416,-1,621,447,125,290,0.533,-1,-1,-1
417,-1,1000,386,267,636,0.9099,-1,-1,-1
417,-1,278,454,147,309,0.8513,-1,-1,-1
417,-1,470,457,146,296,0.8229,-1,-1,-1
417,-1,678,432,138,304,0.7566,-1,-1,-1
417,-1,406,458,139,305,0.5137,-1,-1,-1
417,-1,632,444,128,296,0.4585,-1,-1,-1
418,-1,1009,390,239,625,0.8469,-1,-1,-1
418,-1,274,453,165,315,0.8039,-1,-1,-1
418,-1,472,450,139,304,0.7753,-1,-1,-1
418,-1,675,431,141,303,0.7453,-1,-1,-1
418,-1,396,452,150,315,0.612,-1,-1,-1
419,-1,1003,386,264,628,0.9014,-1,-1,-1
419,-1,675,438,138,295,0.806,-1,-1,-1
419,-1,490,449,123,304,0.8047,-1,-1,-1
419,-1,294,454,141,313,0.738,-1,-1,-1
419,-1,623,444,135,298,0.6884,-1,-1,-1
419,-1,410,454,125,306,0.5641,-1,-1,-1
420,-1,1001,388,272,620,0.8756,-1,-1,-1
420,-1,498,460,111,284,0.8182,-1,-1,-1
420,-1,687,441,130,288,0.8139,-1,-1,-1
420,-1,629,454,117,278,0.6981,-1,-1,-1
420,-1,306,456,124,310,0.6849,-1,-1,-1
420,-1,418,463,113,292,0.5147,-1,-1,-1
421,-1,999,386,269,618,0.9098,-1,-1,-1
421,-1,505,454,110,288,0.8095,-1,-1,-1
421,-1,683,439,134,289,0.7694,-1,-1,-1
421,-1,314,460,121,295,0.6335,-1,-1,-1
421,-1,625,449,110,282,0.6036,-1,-1,-1
421,-1,405,457,122,295,0.5731,-1,-1,-1
422,-1,1000,390,258,620,0.8999,-1,-1,-1
422,-1,670,433,154,295,0.6444,-1,-1,-1
422,-1,490,450,114,289,0.641,-1,-1,-1
422,-1,317,458,141,305,0.6314,-1,-1,-1
423,-1,997,393,249,615,0.8663,-1,-1,-1
423,-1,484,449,146,298,0.5677,-1,-1,-1
423,-1,666,433,160,299,0.5489,-1,-1,-1
423,-1,315,460,155,304,0.5005,-1,-1,-1
424,-1,489,444,140,307,0.6751,-1,-1,-1
424,-1,1013,401,217,610,0.6371,-1,-1,-1
424,-1,299,453,186,310,0.5646,-1,-1,-1
424,-1,676,438,144,289,0.5585,-1,-1,-1
425,-1,341,444,186,311,0.8171,-1,-1,-1
425,-1,512,438,120,313,0.714,-1,-1,-1
425,-1,1023,402,194,611,0.6371,-1,-1,-1
425,-1,675,436,143,293,0.5957,-1,-1,-1
425,-1,1100,394,199,614,0.562,-1,-1,-1
425,-1,602,438,154,302,0.4951,-1,-1,-1
426,-1,686,448,139,278,0.6971,-1,-1,-1
426,-1,1024,402,198,624,0.6902,-1,-1,-1
426,-1,1102,392,197,630,0.6726,-1,-1,-1
426,-1,354,461,168,282,0.6667,-1,-1,-1
426,-1,511,460,128,279,0.6381,-1,-1,-1
427,-1,355,447,185,297,0.7041,-1,-1,-1
427,-1,1018,398,188,632,0.678,-1,-1,-1
427,-1,682,447,144,281,0.5874,-1,-1,-1
427,-1,1116,394,183,636,0.5771,-1,-1,-1
427,-1,498,456,147,285,0.4695,-1,-1,-1
428,-1,1012,392,195,641,0.7756,-1,-1,-1
428,-1,368,452,166,292,0.7403,-1,-1,-1
428,-1,1114,390,189,647,0.6347,-1,-1,-1
428,-1,501,460,148,284,0.6274,-1,-1,-1
428,-1,676,450,158,278,0.557,-1,-1,-1
429,-1,380,456,147,291,0.7185,-1,-1,-1
429,-1,1102,393,216,634,0.6913,-1,-1,-1
429,-1,506,452,134,295,0.6855,-1,-1,-1
429,-1,1019,390,198,637,0.6664,-1,-1,-1
429,-1,683,447,153,281,0.6215,-1,-1,-1
430,-1,514,447,126,294,0.8257,-1,-1,-1
430,-1,1101,386,201,644,0.7914,-1,-1,-1
430,-1,380,450,142,292,0.7446,-1,-1,-1
430,-1,1024,392,190,638,0.6197,-1,-1,-1
430,-1,694,443,143,280,0.5741,-1,-1,-1
431,-1,1116,378,176,669,0.7776,-1,-1,-1
431,-1,525,460,124,277,0.6806,-1,-1,-1
431,-1,374,461,153,277,0.5214,-1,-1,-1
431,-1,1038,391,165,646,0.4938,-1,-1,-1
431,-1,699,441,147,281,0.4677,-1,-1,-1
432,-1,526,463,120,274,0.8364,-1,-1,-1
432,-1,708,442,136,283,0.7521,-1,-1,-1
432,-1,388,461,139,269,0.5945,-1,-1,-1
432,-1,582,456,121,275,0.5678,-1,-1,-1
432,-1,1175,387,161,476,0.4471,-1,-1,-1
432,-1,1036,397,186,618,0.4167,-1,-1,-1
433,-1,528,457,110,278,0.8654,-1,-1,-1
433,-1,713,437,128,288,0.7743,-1,-1,-1
433,-1,585,449,119,283,0.7259,-1,-1,-1
433,-1,397,462,134,273,0.6742,-1,-1,-1
433,-1,1171,390,170,473,0.6293,-1,-1,-1
434,-1,1044,319,850,760,0.9193,-1,-1,-1
434,-1,527,457,113,281,0.9176,-1,-1,-1
434,-1,708,443,129,283,0.8157,-1,-1,-1
434,-1,580,451,109,282,0.7852,-1,-1,-1
434,-1,401,466,127,268,0.6819,-1,-1,-1
434,-1,1080,382,266,630,0.4833,-1,-1,-1
435,-1,527,451,110,283,0.9066,-1,-1,-1
435,-1,703,441,131,285,0.801,-1,-1,-1
435,-1,579,446,112,284,0.7128,-1,-1,-1
435,-1,404,465,125,261,0.6255,-1,-1,-1
436,-1,510,447,121,289,0.8932,-1,-1,-1
436,-1,702,446,137,281,0.8003,-1,-1,-1
436,-1,590,447,117,286,0.6056,-1,-1,-1
436,-1,992,414,152,386,0.5284,-1,-1,-1
436,-1,1030,300,769,771,0.4873,-1,-1,-1
436,-1,388,460,147,261,0.4803,-1,-1,-1
436,-1,1068,386,191,425,0.4321,-1,-1,-1
437,-1,515,455,111,277,0.9054,-1,-1,-1
437,-1,714,446,137,281,0.857,-1,-1,-1
437,-1,967,310,743,773,0.8081,-1,-1,-1
437,-1,587,452,100,278,0.6913,-1,-1,-1
437,-1,994,405,147,417,0.4986,-1,-1,-1
437,-1,400,465,125,252,0.4685,-1,-1,-1
438,-1,514,453,116,283,0.9294,-1,-1,-1
438,-1,715,453,131,272,0.8347,-1,-1,-1
438,-1,595,459,101,269,0.7177,-1,-1,-1
438,-1,396,461,129,253,0.4234,-1,-1,-1
439,-1,494,454,134,273,0.7361,-1,-1,-1
439,-1,711,445,154,281,0.7032,-1,-1,-1
439,-1,1077,331,405,730,0.5632,-1,-1,-1
440,-1,715,449,147,275,0.7315,-1,-1,-1
440,-1,463,442,181,291,0.6827,-1,-1,-1
440,-1,1047,360,408,709,0.601,-1,-1,-1
441,-1,1045,367,410,665,0.9237,-1,-1,-1
441,-1,718,446,142,276,0.7972,-1,-1,-1
441,-1,472,444,172,288,0.7388,-1,-1,-1
441,-1,572,445,160,282,0.497,-1,-1,-1
442,-1,1018,363,394,693,0.9236,-1,-1,-1
442,-1,489,444,149,284,0.8416,-1,-1,-1
442,-1,718,448,133,275,0.7464,-1,-1,-1
442,-1,611,448,126,275,0.5152,-1,-1,-1
443,-1,509,455,120,277,0.864,-1,-1,-1
443,-1,619,457,125,270,0.7986,-1,-1,-1
443,-1,726,451,120,269,0.7851,-1,-1,-1
443,-1,1263,401,166,386,0.7585,-1,-1,-1
443,-1,1014,369,359,657,0.5628,-1,-1,-1
444,-1,897,370,434,672,0.9748,-1,-1,-1
444,-1,495,453,136,281,0.9267,-1,-1,-1
444,-1,609,453,129,276,0.85,-1,-1,-1
444,-1,1268,423,160,363,0.8459,-1,-1,-1
444,-1,723,448,124,274,0.8152,-1,-1,-1
445,-1,501,454,127,282,0.9292,-1,-1,-1
445,-1,610,454,125,279,0.8943,-1,-1,-1
445,-1,921,356,373,690,0.8205,-1,-1,-1
445,-1,728,448,110,275,0.7677,-1,-1,-1
445,-1,1277,411,160,372,0.7041,-1,-1,-1
445,-1,766,452,124,263,0.5274,-1,-1,-1
445,-1,1174,400,202,391,0.4615,-1,-1,-1
446,-1,498,448,133,284,0.9371,-1,-1,-1
446,-1,836,350,381,718,0.8955,-1,-1,-1
446,-1,614,454,116,274,0.8675,-1,-1,-1
446,-1,716,450,118,272,0.6842,-1,-1,-1
446,-1,1091,376,286,694,0.5163,-1,-1,-1
446,-1,1287,404,151,380,0.4495,-1,-1,-1
446,-1,1140,399,228,388,0.4419,-1,-1,-1
447,-1,501,455,125,274,0.9254,-1,-1,-1
447,-1,839,341,324,724,0.8402,-1,-1,-1
447,-1,611,458,108,267,0.6916,-1,-1,-1
447,-1,1168,405,201,404,0.562,-1,-1,-1
447,-1,704,456,125,270,0.5509,-1,-1,-1
447,-1,1280,424,156,364,0.4696,-1,-1,-1
448,-1,506,451,124,275,0.8712,-1,-1,-1
448,-1,903,354,269,707,0.7324,-1,-1,-1
448,-1,1113,407,216,625,0.5509,-1,-1,-1
448,-1,1180,413,171,398,0.5418,-1,-1,-1
448,-1,610,447,127,282,0.4911,-1,-1,-1
448,-1,1292,407,141,381,0.4601,-1,-1,-1
449,-1,499,466,129,266,0.9413,-1,-1,-1
449,-1,725,325,376,709,0.798,-1,-1,-1
449,-1,618,461,117,268,0.652,-1,-1,-1
449,-1,1183,417,167,409,0.5129,-1,-1,-1
449,-1,1317,416,119,358,0.4398,-1,-1,-1
450,-1,495,448,137,290,0.9367,-1,-1,-1
450,-1,706,327,361,740,0.9024,-1,-1,-1
450,-1,606,447,122,284,0.7007,-1,-1,-1
450,-1,1178,415,164,451,0.5538,-1,-1,-1
451,-1,644,341,359,718,0.9158,-1,-1,-1
451,-1,502,451,123,267,0.8188,-1,-1,-1
451,-1,1161,419,182,397,0.4904,-1,-1,-1
451,-1,1317,422,131,351,0.4639,-1,-1,-1
451,-1,1079,408,257,591,0.4105,-1,-1,-1
452,-1,626,326,344,682,0.9262,-1,-1,-1
452,-1,500,458,131,256,0.6959,-1,-1,-1
452,-1,1174,416,172,386,0.6586,-1,-1,-1
452,-1,1316,413,134,366,0.6549,-1,-1,-1
453,-1,1367,412,126,352,0.6979,-1,-1,-1
453,-1,1185,414,161,393,0.6494,-1,-1,-1
453,-1,533,344,415,687,0.5992,-1,-1,-1
453,-1,498,451,129,261,0.5555,-1,-1,-1
454,-1,1374,427,129,341,0.8023,-1,-1,-1
454,-1,1184,416,159,380,0.6468,-1,-1,-1
454,-1,1072,427,289,588,0.5182,-1,-1,-1
454,-1,514,468,108,202,0.4798,-1,-1,-1
454,-1,489,381,416,677,0.4298,-1,-1,-1
455,-1,507,382,371,656,0.884,-1,-1,-1
455,-1,1373,421,136,343,0.7994,-1,-1,-1
455,-1,1079,406,273,625,0.638,-1,-1,-1
456,-1,1377,407,141,370,0.8911,-1,-1,-1
456,-1,448,388,381,669,0.8116,-1,-1,-1
456,-1,801,409,115,274,0.6088,-1,-1,-1
456,-1,1195,400,158,489,0.5651,-1,-1,-1
456,-1,1314,403,153,402,0.5093,-1,-1,-1
457,-1,1384,405,130,377,0.8784,-1,-1,-1
457,-1,812,413,107,273,0.6673,-1,-1,-1
457,-1,437,381,366,662,0.6533,-1,-1,-1
457,-1,1194,398,163,506,0.5868,-1,-1,-1
457,-1,747,401,112,287,0.4452,-1,-1,-1
457,-1,1331,407,134,390,0.4385,-1,-1,-1
458,-1,1384,402,137,391,0.8969,-1,-1,-1
458,-1,814,420,107,270,0.6349,-1,-1,-1
458,-1,1201,416,155,450,0.518,-1,-1,-1
458,-1,434,377,311,686,0.5117,-1,-1,-1
458,-1,1324,410,142,394,0.4721,-1,-1,-1
458,-1,724,455,113,253,0.4637,-1,-1,-1
459,-1,1383,401,147,399,0.912,-1,-1,-1
459,-1,337,372,419,697,0.8227,-1,-1,-1
459,-1,791,455,126,253,0.6643,-1,-1,-1
459,-1,1218,415,143,420,0.5783,-1,-1,-1
459,-1,1313,399,150,399,0.5557,-1,-1,-1
459,-1,718,460,110,247,0.5292,-1,-1,-1
460,-1,1384,402,153,400,0.887,-1,-1,-1
460,-1,792,452,128,264,0.7582,-1,-1,-1
460,-1,725,456,103,255,0.6586,-1,-1,-1
460,-1,1304,412,143,386,0.5365,-1,-1,-1
460,-1,301,361,418,708,0.4963,-1,-1,-1
461,-1,254,362,450,711,0.7781,-1,-1,-1
461,-1,1387,405,159,409,0.744,-1,-1,-1
461,-1,722,452,104,266,0.7381,-1,-1,-1
461,-1,792,451,122,264,0.6594,-1,-1,-1
461,-1,647,450,100,276,0.6339,-1,-1,-1
461,-1,1288,405,159,425,0.5752,-1,-1,-1
462,-1,626,449,111,278,0.7968,-1,-1,-1
462,-1,719,451,98,266,0.7156,-1,-1,-1
462,-1,801,447,117,266,0.71,-1,-1,-1
462,-1,259,364,398,707,0.6922,-1,-1,-1
462,-1,1392,426,155,395,0.673,-1,-1,-1
462,-1,1280,409,152,445,0.476,-1,-1,-1
463,-1,628,449,112,277,0.8751,-1,-1,-1
463,-1,1393,411,161,408,0.7729,-1,-1,-1
463,-1,800,450,120,265,0.7411,-1,-1,-1
463,-1,710,453,102,267,0.7265,-1,-1,-1
463,-1,1283,414,161,420,0.6225,-1,-1,-1
464,-1,1396,403,180,417,0.891,-1,-1,-1
464,-1,646,444,106,277,0.847,-1,-1,-1
464,-1,797,448,119,269,0.7532,-1,-1,-1
464,-1,74,342,549,733,0.7172,-1,-1,-1
464,-1,705,449,109,269,0.7007,-1,-1,-1
464,-1,1273,416,166,403,0.6818,-1,-1,-1
464,-1,1093,438,167,499,0.4956,-1,-1,-1
464,-1,536,435,95,235,0.4323,-1,-1,-1
465,-1,68,343,557,735,0.914,-1,-1,-1
465,-1,1400,421,176,398,0.7242,-1,-1,-1
465,-1,1278,426,177,397,0.6284,-1,-1,-1
465,-1,704,444,115,276,0.6251,-1,-1,-1
465,-1,647,444,104,276,0.6142,-1,-1,-1
465,-1,801,447,118,270,0.6001,-1,-1,-1
465,-1,534,462,98,205,0.5582,-1,-1,-1
465,-1,1110,429,155,468,0.4615,-1,-1,-1
466,-1,61,357,525,701,0.9808,-1,-1,-1
466,-1,711,444,113,279,0.7198,-1,-1,-1
466,-1,1412,417,170,398,0.6844,-1,-1,-1
466,-1,804,450,113,267,0.6673,-1,-1,-1
466,-1,521,475,106,195,0.6645,-1,-1,-1
466,-1,648,446,102,270,0.599,-1,-1,-1
466,-1,1282,431,177,377,0.5732,-1,-1,-1
466,-1,1099,434,164,496,0.4291,-1,-1,-1
467,-1,36,341,513,730,0.9747,-1,-1,-1
467,-1,1409,400,171,422,0.704,-1,-1,-1
467,-1,721,440,118,277,0.6667,-1,-1,-1
467,-1,803,450,113,263,0.6291,-1,-1,-1
467,-1,521,464,113,213,0.629,-1,-1,-1
467,-1,1282,424,190,403,0.6159,-1,-1,-1
467,-1,1095,440,179,496,0.5144,-1,-1,-1
468,-1,25,368,488,705,0.9967,-1,-1,-1
468,-1,527,466,92,205,0.6876,-1,-1,-1
468,-1,729,443,103,276,0.6545,-1,-1,-1
468,-1,798,449,113,270,0.6215,-1,-1,-1
468,-1,1424,404,143,400,0.6177,-1,-1,-1
468,-1,1283,424,192,385,0.5774,-1,-1,-1
468,-1,630,443,103,270,0.562,-1,-1,-1
469,-1,15,380,480,689,0.996,-1,-1,-1
469,-1,727,447,110,272,0.7523,-1,-1,-1
469,-1,795,448,118,272,0.7118,-1,-1,-1
469,-1,507,471,110,202,0.6731,-1,-1,-1
469,-1,633,445,104,265,0.5642,-1,-1,-1
469,-1,1432,407,131,389,0.5532,-1,-1,-1
469,-1,1286,419,189,406,0.5036,-1,-1,-1
470,-1,0,371,451,691,0.9905,-1,-1,-1
470,-1,721,447,123,277,0.766,-1,-1,-1
470,-1,501,476,114,194,0.6441,-1,-1,-1
470,-1,790,451,119,270,0.6236,-1,-1,-1
470,-1,1472,399,142,417,0.5129,-1,-1,-1
471,-1,0,375,424,693,0.9925,-1,-1,-1
471,-1,718,440,123,284,0.802,-1,-1,-1
471,-1,505,465,111,206,0.6456,-1,-1,-1
471,-1,788,447,119,273,0.6261,-1,-1,-1
471,-1,1468,397,145,411,0.6219,-1,-1,-1
471,-1,1135,386,219,618,0.5128,-1,-1,-1
471,-1,641,444,109,266,0.5025,-1,-1,-1
472,-1,0,377,396,692,0.9509,-1,-1,-1
472,-1,725,437,114,281,0.6899,-1,-1,-1
472,-1,514,441,114,236,0.6585,-1,-1,-1
472,-1,790,445,118,272,0.5539,-1,-1,-1
472,-1,1465,397,150,412,0.5477,-1,-1,-1
472,-1,1122,389,216,617,0.5006,-1,-1,-1
472,-1,628,435,118,269,0.4051,-1,-1,-1
473,-1,729,444,109,275,0.8077,-1,-1,-1
473,-1,0,374,392,697,0.7942,-1,-1,-1
473,-1,799,450,116,266,0.6858,-1,-1,-1
473,-1,1463,401,155,401,0.6044,-1,-1,-1
473,-1,501,444,107,231,0.5912,-1,-1,-1
473,-1,1131,387,201,617,0.49,-1,-1,-1
473,-1,635,442,109,264,0.4886,-1,-1,-1
473,-1,1303,415,171,435,0.4127,-1,-1,-1
474,-1,0,393,350,666,0.9232,-1,-1,-1
474,-1,1468,400,159,411,0.752,-1,-1,-1
474,-1,731,442,105,276,0.734,-1,-1,-1
474,-1,803,450,111,266,0.5778,-1,-1,-1
474,-1,490,444,106,234,0.5309,-1,-1,-1
474,-1,1127,381,209,626,0.506,-1,-1,-1
474,-1,635,441,115,266,0.4885,-1,-1,-1
475,-1,1478,401,165,406,0.9187,-1,-1,-1
475,-1,732,448,109,272,0.767,-1,-1,-1
475,-1,803,455,110,263,0.5653,-1,-1,-1
475,-1,1135,373,212,631,0.5607,-1,-1,-1
475,-1,634,446,110,264,0.5491,-1,-1,-1
475,-1,0,387,333,668,0.512,-1,-1,-1
475,-1,494,450,105,230,0.4562,-1,-1,-1
475,-1,1368,414,178,403,0.4495,-1,-1,-1
476,-1,1485,405,170,407,0.924,-1,-1,-1
476,-1,731,444,111,278,0.7774,-1,-1,-1
476,-1,1129,380,225,629,0.5782,-1,-1,-1
476,-1,807,450,116,268,0.5153,-1,-1,-1
476,-1,1371,410,156,410,0.4923,-1,-1,-1
476,-1,624,445,116,262,0.4799,-1,-1,-1
476,-1,500,459,101,218,0.466,-1,-1,-1
477,-1,1494,403,169,415,0.9075,-1,-1,-1
477,-1,727,446,105,272,0.6532,-1,-1,-1
477,-1,1135,370,223,639,0.6363,-1,-1,-1
477,-1,616,442,127,268,0.55,-1,-1,-1
477,-1,807,449,125,269,0.5028,-1,-1,-1
477,-1,1378,414,147,416,0.4229,-1,-1,-1
478,-1,1486,404,202,414,0.8977,-1,-1,-1
478,-1,722,443,112,274,0.6796,-1,-1,-1
478,-1,1136,373,218,647,0.6144,-1,-1,-1
478,-1,0,342,282,741,0.5058,-1,-1,-1
478,-1,806,449,121,267,0.4776,-1,-1,-1
478,-1,1359,415,156,406,0.4339,-1,-1,-1
478,-1,622,440,124,264,0.4303,-1,-1,-1
479,-1,1492,411,216,406,0.7732,-1,-1,-1
479,-1,727,447,106,270,0.5444,-1,-1,-1
479,-1,1138,383,203,636,0.4626,-1,-1,-1
479,-1,809,452,125,263,0.4124,-1,-1,-1
480,-1,1519,444,230,377,0.8002,-1,-1,-1
480,-1,728,443,101,271,0.4863,-1,-1,-1
480,-1,1143,389,196,636,0.4798,-1,-1,-1
480,-1,822,419,113,277,0.4609,-1,-1,-1
481,-1,1529,423,224,399,0.8579,-1,-1,-1
481,-1,0,356,222,726,0.688,-1,-1,-1
481,-1,1152,372,191,655,0.5811,-1,-1,-1
481,-1,817,418,115,279,0.4958,-1,-1,-1
481,-1,899,410,114,270,0.4438,-1,-1,-1
481,-1,733,445,100,264,0.415,-1,-1,-1
481,-1,1350,401,164,428,0.4017,-1,-1,-1
482,-1,1535,415,207,415,0.7476,-1,-1,-1
482,-1,1150,376,201,664,0.7449,-1,-1,-1
482,-1,1364,399,172,417,0.5156,-1,-1,-1
482,-1,819,415,117,285,0.4524,-1,-1,-1
482,-1,730,447,101,265,0.4301,-1,-1,-1
482,-1,1313,380,247,661,0.4086,-1,-1,-1
482,-1,888,412,115,265,0.403,-1,-1,-1
483,-1,1535,419,211,411,0.8318,-1,-1,-1
483,-1,1153,369,194,666,0.625,-1,-1,-1
483,-1,733,449,106,265,0.5943,-1,-1,-1
483,-1,807,448,128,271,0.5276,-1,-1,-1
483,-1,1361,390,185,436,0.4885,-1,-1,-1
483,-1,629,453,115,245,0.4467,-1,-1,-1
483,-1,338,511,114,158,0.4033,-1,-1,-1
484,-1,1170,372,189,671,0.7692,-1,-1,-1
484,-1,1547,411,209,428,0.7026,-1,-1,-1
484,-1,1334,385,270,686,0.6993,-1,-1,-1
484,-1,725,452,107,262,0.6256,-1,-1,-1
484,-1,810,452,133,267,0.5589,-1,-1,-1
484,-1,622,449,124,254,0.488,-1,-1,-1
485,-1,1337,403,269,667,0.7786,-1,-1,-1
485,-1,1167,379,181,659,0.7616,-1,-1,-1
485,-1,1564,385,191,454,0.7171,-1,-1,-1
485,-1,808,456,125,264,0.6324,-1,-1,-1
485,-1,728,454,101,259,0.5997,-1,-1,-1
485,-1,626,448,117,256,0.5375,-1,-1,-1
485,-1,1374,393,189,435,0.4134,-1,-1,-1
486,-1,1570,400,186,434,0.7911,-1,-1,-1
486,-1,1341,395,269,678,0.7066,-1,-1,-1
486,-1,808,442,129,278,0.6986,-1,-1,-1
486,-1,1172,379,175,657,0.6154,-1,-1,-1
486,-1,1382,404,180,429,0.4995,-1,-1,-1
486,-1,633,443,120,259,0.4749,-1,-1,-1
486,-1,735,448,94,264,0.4108,-1,-1,-1
487,-1,1339,390,282,672,0.8422,-1,-1,-1
487,-1,808,443,134,275,0.6708,-1,-1,-1
487,-1,1584,391,173,445,0.5187,-1,-1,-1
487,-1,1168,391,177,643,0.5137,-1,-1,-1
488,-1,1340,375,294,686,0.902,-1,-1,-1
488,-1,806,445,138,273,0.702,-1,-1,-1
488,-1,1172,388,182,652,0.5686,-1,-1,-1
489,-1,1334,377,296,682,0.9361,-1,-1,-1
489,-1,1189,379,203,664,0.7347,-1,-1,-1
489,-1,812,446,138,269,0.6925,-1,-1,-1
490,-1,1317,376,291,683,0.9151,-1,-1,-1
490,-1,1187,381,227,659,0.8492,-1,-1,-1
490,-1,814,447,129,269,0.7261,-1,-1,-1
490,-1,1603,388,154,465,0.499,-1,-1,-1
491,-1,1324,381,279,666,0.8721,-1,-1,-1
491,-1,1195,393,224,646,0.7974,-1,-1,-1
491,-1,809,441,131,280,0.7731,-1,-1,-1
491,-1,1596,392,160,486,0.6106,-1,-1,-1
491,-1,644,443,113,261,0.5119,-1,-1,-1
491,-1,706,448,102,262,0.4978,-1,-1,-1
492,-1,1203,393,222,639,0.7196,-1,-1,-1
492,-1,817,437,130,284,0.7139,-1,-1,-1
492,-1,1434,393,295,610,0.6664,-1,-1,-1
492,-1,1332,387,279,657,0.6484,-1,-1,-1
492,-1,643,440,111,265,0.5559,-1,-1,-1
492,-1,696,446,104,265,0.536,-1,-1,-1
492,-1,1586,394,173,485,0.5107,-1,-1,-1
493,-1,824,442,125,277,0.706,-1,-1,-1
493,-1,1201,409,234,618,0.6803,-1,-1,-1
493,-1,1421,401,301,626,0.6681,-1,-1,-1
493,-1,694,449,102,261,0.5217,-1,-1,-1
493,-1,260,522,171,187,0.493,-1,-1,-1
493,-1,649,442,104,263,0.481,-1,-1,-1
494,-1,1196,401,259,625,0.7964,-1,-1,-1
494,-1,1423,415,320,611,0.7438,-1,-1,-1
494,-1,823,441,121,278,0.6202,-1,-1,-1
494,-1,1322,391,278,654,0.5713,-1,-1,-1
494,-1,645,442,112,264,0.4913,-1,-1,-1
494,-1,692,448,109,264,0.4726,-1,-1,-1
495,-1,1196,386,260,643,0.8084,-1,-1,-1
495,-1,1464,388,285,593,0.655,-1,-1,-1
495,-1,830,445,112,269,0.5525,-1,-1,-1
495,-1,648,442,108,261,0.4773,-1,-1,-1
495,-1,231,542,189,172,0.4422,-1,-1,-1
496,-1,1434,358,342,709,0.8893,-1,-1,-1
496,-1,1193,383,269,648,0.8508,-1,-1,-1
496,-1,831,445,109,270,0.4585,-1,-1,-1
496,-1,678,446,125,263,0.4429,-1,-1,-1
496,-1,991,412,125,269,0.404,-1,-1,-1
496,-1,557,455,48,98,0.4012,-1,-1,-1
497,-1,1201,375,263,649,0.8673,-1,-1,-1
497,-1,1466,379,292,644,0.8586,-1,-1,-1
497,-1,966,417,146,267,0.5585,-1,-1,-1
497,-1,916,415,123,280,0.4575,-1,-1,-1
497,-1,562,452,50,100,0.4422,-1,-1,-1
497,-1,845,419,97,276,0.4135,-1,-1,-1
497,-1,670,443,138,266,0.4054,-1,-1,-1
498,-1,1261,375,276,642,0.8831,-1,-1,-1
498,-1,1465,383,305,596,0.6505,-1,-1,-1
498,-1,957,409,157,280,0.5764,-1,-1,-1
498,-1,914,407,135,294,0.5301,-1,-1,-1
499,-1,1279,376,278,649,0.8005,-1,-1,-1
499,-1,1462,378,297,632,0.7791,-1,-1,-1
499,-1,979,416,134,269,0.4565,-1,-1,-1
499,-1,842,422,99,277,0.4535,-1,-1,-1
500,-1,1284,373,276,642,0.8319,-1,-1,-1
500,-1,1451,372,317,640,0.6158,-1,-1,-1
500,-1,921,410,116,295,0.5506,-1,-1,-1
500,-1,997,413,115,271,0.5299,-1,-1,-1
500,-1,850,418,99,281,0.5122,-1,-1,-1
500,-1,571,455,48,94,0.427,-1,-1,-1
501,-1,1299,375,254,653,0.8461,-1,-1,-1
501,-1,1461,374,299,654,0.7114,-1,-1,-1
501,-1,979,403,142,294,0.6521,-1,-1,-1
501,-1,912,406,128,302,0.5373,-1,-1,-1
501,-1,1223,376,220,640,0.4927,-1,-1,-1
501,-1,568,454,51,98,0.461,-1,-1,-1
501,-1,849,419,96,276,0.434,-1,-1,-1
501,-1,690,447,111,252,0.4162,-1,-1,-1
502,-1,1311,372,220,651,0.7543,-1,-1,-1
502,-1,1457,375,307,648,0.7083,-1,-1,-1
502,-1,909,401,129,306,0.6524,-1,-1,-1
502,-1,843,411,104,287,0.5741,-1,-1,-1
502,-1,990,406,126,276,0.5095,-1,-1,-1
502,-1,702,430,106,255,0.4654,-1,-1,-1
503,-1,1331,372,203,648,0.7777,-1,-1,-1
503,-1,1474,366,273,646,0.7509,-1,-1,-1
503,-1,914,401,123,305,0.5362,-1,-1,-1
503,-1,845,413,102,284,0.4557,-1,-1,-1
503,-1,703,428,111,259,0.4505,-1,-1,-1
503,-1,996,408,121,274,0.4159,-1,-1,-1
504,-1,1321,374,218,658,0.8902,-1,-1,-1
504,-1,1487,371,250,652,0.8159,-1,-1,-1
504,-1,918,405,121,299,0.5899,-1,-1,-1
504,-1,1648,367,266,673,0.5051,-1,-1,-1
504,-1,842,414,100,283,0.4906,-1,-1,-1
504,-1,575,454,56,98,0.435,-1,-1,-1
504,-1,706,428,105,256,0.412,-1,-1,-1
505,-1,1331,368,237,676,0.8611,-1,-1,-1
505,-1,1454,364,288,673,0.7535,-1,-1,-1
505,-1,885,455,125,257,0.4681,-1,-1,-1
505,-1,714,447,115,253,0.4308,-1,-1,-1
506,-1,1335,367,236,693,0.8235,-1,-1,-1
506,-1,1438,356,315,709,0.7657,-1,-1,-1
506,-1,898,459,122,252,0.4718,-1,-1,-1
507,-1,1340,375,221,677,0.8758,-1,-1,-1
507,-1,1423,357,323,707,0.7034,-1,-1,-1
507,-1,894,457,130,254,0.4354,-1,-1,-1
508,-1,1330,374,211,664,0.941,-1,-1,-1
508,-1,1480,363,242,671,0.8512,-1,-1,-1
508,-1,893,455,119,257,0.5887,-1,-1,-1
508,-1,1681,350,227,701,0.4922,-1,-1,-1
508,-1,725,450,103,252,0.484,-1,-1,-1
509,-1,1329,379,199,676,0.9627,-1,-1,-1
509,-1,1489,368,264,686,0.9217,-1,-1,-1
509,-1,900,460,124,252,0.7409,-1,-1,-1
509,-1,719,450,109,250,0.4853,-1,-1,-1
509,-1,1680,350,229,698,0.4491,-1,-1,-1
509,-1,858,455,96,251,0.4141,-1,-1,-1
510,-1,1327,376,209,683,0.9884,-1,-1,-1
510,-1,1533,366,221,691,0.9329,-1,-1,-1
510,-1,896,455,128,255,0.5788,-1,-1,-1
510,-1,1020,419,105,272,0.5201,-1,-1,-1
510,-1,719,448,115,251,0.5196,-1,-1,-1
510,-1,1674,345,230,719,0.5094,-1,-1,-1
511,-1,1324,378,224,683,0.9889,-1,-1,-1
511,-1,1539,364,235,696,0.9267,-1,-1,-1
511,-1,895,459,139,251,0.6296,-1,-1,-1
511,-1,721,440,112,259,0.4894,-1,-1,-1
511,-1,1663,344,238,728,0.4715,-1,-1,-1
512,-1,1323,371,231,687,0.9888,-1,-1,-1
512,-1,1537,364,226,685,0.9124,-1,-1,-1
512,-1,894,465,135,244,0.5555,-1,-1,-1
512,-1,724,444,111,253,0.5187,-1,-1,-1
512,-1,1669,353,235,715,0.4823,-1,-1,-1
513,-1,1322,376,244,685,0.9903,-1,-1,-1
513,-1,1531,361,259,693,0.909,-1,-1,-1
513,-1,909,462,121,248,0.6669,-1,-1,-1
513,-1,1041,430,95,249,0.4278,-1,-1,-1
514,-1,1323,383,243,680,0.9946,-1,-1,-1
514,-1,1527,366,276,704,0.9541,-1,-1,-1
514,-1,911,459,122,252,0.5641,-1,-1,-1
514,-1,1028,427,109,259,0.4583,-1,-1,-1
515,-1,1326,375,255,690,0.995,-1,-1,-1
515,-1,1536,364,266,702,0.8781,-1,-1,-1
515,-1,906,458,118,251,0.4936,-1,-1,-1
515,-1,1024,427,108,259,0.4876,-1,-1,-1
516,-1,1321,377,279,683,0.9951,-1,-1,-1
516,-1,1528,368,284,697,0.7485,-1,-1,-1
516,-1,1021,424,112,265,0.5195,-1,-1,-1
516,-1,922,455,104,252,0.4898,-1,-1,-1
516,-1,827,431,97,260,0.4354,-1,-1,-1
517,-1,1316,382,303,670,0.9921,-1,-1,-1
517,-1,1471,370,315,693,0.6649,-1,-1,-1
517,-1,923,449,106,258,0.4845,-1,-1,-1
517,-1,1025,427,108,262,0.4367,-1,-1,-1
517,-1,821,426,98,267,0.4348,-1,-1,-1
518,-1,1324,379,308,676,0.9838,-1,-1,-1
518,-1,1444,368,334,690,0.564,-1,-1,-1
518,-1,1028,430,109,260,0.4559,-1,-1,-1
518,-1,828,430,92,260,0.4452,-1,-1,-1
518,-1,926,425,101,272,0.4268,-1,-1,-1
519,-1,1333,365,303,692,0.9679,-1,-1,-1
519,-1,1026,425,119,266,0.5186,-1,-1,-1
519,-1,828,423,95,261,0.5009,-1,-1,-1
519,-1,924,418,100,277,0.4684,-1,-1,-1
520,-1,1339,370,301,689,0.9515,-1,-1,-1
520,-1,1031,420,113,270,0.6523,-1,-1,-1
520,-1,824,421,100,263,0.6368,-1,-1,-1
520,-1,924,416,96,277,0.5446,-1,-1,-1
521,-1,1347,379,296,679,0.9673,-1,-1,-1
521,-1,826,428,94,254,0.5626,-1,-1,-1
521,-1,932,421,98,271,0.5138,-1,-1,-1
521,-1,1034,426,110,264,0.505,-1,-1,-1
522,-1,1349,380,305,672,0.9745,-1,-1,-1
522,-1,820,427,104,255,0.616,-1,-1,-1
522,-1,931,426,98,266,0.4255,-1,-1,-1
523,-1,1357,374,302,684,0.9186,-1,-1,-1
523,-1,808,428,116,257,0.6535,-1,-1,-1
524,-1,1372,383,289,669,0.9453,-1,-1,-1
524,-1,1026,417,117,275,0.6624,-1,-1,-1
524,-1,809,425,113,258,0.6528,-1,-1,-1
524,-1,1625,355,284,701,0.6271,-1,-1,-1
524,-1,941,422,100,269,0.5336,-1,-1,-1
525,-1,1401,361,339,697,0.8633,-1,-1,-1
525,-1,805,421,118,263,0.7299,-1,-1,-1
525,-1,1621,353,288,714,0.7006,-1,-1,-1
525,-1,1020,425,122,266,0.4905,-1,-1,-1
525,-1,941,422,101,268,0.4122,-1,-1,-1
526,-1,1416,358,315,694,0.917,-1,-1,-1
526,-1,1623,355,289,711,0.8678,-1,-1,-1
526,-1,807,425,109,258,0.6363,-1,-1,-1
526,-1,1016,423,119,270,0.5053,-1,-1,-1
526,-1,948,422,99,268,0.4248,-1,-1,-1
526,-1,573,452,59,110,0.42,-1,-1,-1
527,-1,1632,350,287,723,0.9472,-1,-1,-1
527,-1,1429,361,300,691,0.9179,-1,-1,-1
527,-1,811,424,110,261,0.6803,-1,-1,-1
527,-1,1027,418,107,275,0.5927,-1,-1,-1
527,-1,943,419,98,274,0.5528,-1,-1,-1
527,-1,577,450,58,112,0.4508,-1,-1,-1
528,-1,1442,361,286,690,0.9475,-1,-1,-1
528,-1,1644,348,273,703,0.8657,-1,-1,-1
528,-1,1010,419,124,275,0.6375,-1,-1,-1
528,-1,809,430,112,252,0.6094,-1,-1,-1
528,-1,948,425,103,266,0.4418,-1,-1,-1
529,-1,1456,370,270,679,0.944,-1,-1,-1
529,-1,1654,348,257,684,0.7757,-1,-1,-1
529,-1,818,436,104,242,0.5296,-1,-1,-1
529,-1,1031,431,101,260,0.4847,-1,-1,-1
530,-1,1451,371,272,671,0.9746,-1,-1,-1
530,-1,1679,354,237,670,0.8397,-1,-1,-1
530,-1,819,432,105,249,0.5401,-1,-1,-1
530,-1,1028,419,106,275,0.5104,-1,-1,-1
531,-1,1469,376,254,673,0.9756,-1,-1,-1
531,-1,1689,353,223,691,0.8968,-1,-1,-1
531,-1,821,433,106,251,0.5276,-1,-1,-1
531,-1,1031,419,109,273,0.4932,-1,-1,-1
531,-1,563,446,63,114,0.4038,-1,-1,-1
532,-1,1466,376,259,686,0.9788,-1,-1,-1
532,-1,1686,352,228,704,0.9686,-1,-1,-1
532,-1,820,424,111,264,0.6824,-1,-1,-1
532,-1,1023,408,109,289,0.6181,-1,-1,-1
532,-1,924,414,94,283,0.514,-1,-1,-1
533,-1,1457,383,288,677,0.9671,-1,-1,-1
533,-1,1684,357,230,693,0.9271,-1,-1,-1
533,-1,825,423,107,264,0.7061,-1,-1,-1
533,-1,1023,411,111,286,0.5647,-1,-1,-1
533,-1,920,415,87,278,0.4966,-1,-1,-1
534,-1,1458,383,277,674,0.9765,-1,-1,-1
534,-1,1681,357,235,699,0.9561,-1,-1,-1
534,-1,824,425,109,261,0.7268,-1,-1,-1
534,-1,1020,404,115,296,0.6497,-1,-1,-1
534,-1,930,413,91,280,0.6122,-1,-1,-1
535,-1,1450,377,303,688,0.9932,-1,-1,-1
535,-1,1689,358,227,703,0.8948,-1,-1,-1
535,-1,826,431,108,256,0.6785,-1,-1,-1
535,-1,1011,448,116,262,0.6238,-1,-1,-1
535,-1,924,425,88,265,0.4654,-1,-1,-1
536,-1,1455,379,320,690,0.9963,-1,-1,-1
536,-1,1728,362,187,708,0.9333,-1,-1,-1
536,-1,1010,443,117,270,0.6719,-1,-1,-1
536,-1,829,429,108,258,0.6703,-1,-1,-1
536,-1,924,425,85,264,0.4632,-1,-1,-1
537,-1,1464,375,310,688,0.9974,-1,-1,-1
537,-1,1741,363,170,704,0.9104,-1,-1,-1
537,-1,1018,438,113,278,0.733,-1,-1,-1
537,-1,828,429,114,258,0.6712,-1,-1,-1
537,-1,923,427,86,261,0.4276,-1,-1,-1
538,-1,1477,374,302,689,0.996,-1,-1,-1
538,-1,1741,369,170,696,0.8769,-1,-1,-1
538,-1,830,428,112,254,0.7221,-1,-1,-1
538,-1,1022,440,112,275,0.6735,-1,-1,-1
538,-1,917,424,90,262,0.5168,-1,-1,-1
539,-1,1486,373,299,691,0.9928,-1,-1,-1
539,-1,1745,366,169,706,0.8487,-1,-1,-1
539,-1,1020,434,124,282,0.587,-1,-1,-1
539,-1,831,430,116,253,0.5484,-1,-1,-1
539,-1,914,423,90,264,0.441,-1,-1,-1
540,-1,1491,373,283,689,0.9913,-1,-1,-1
540,-1,1751,366,161,705,0.8744,-1,-1,-1
540,-1,1024,417,117,276,0.5867,-1,-1,-1
540,-1,831,433,117,246,0.5225,-1,-1,-1
541,-1,1493,375,276,692,0.9929,-1,-1,-1
541,-1,1742,371,164,696,0.8867,-1,-1,-1
541,-1,1027,420,110,272,0.5905,-1,-1,-1
541,-1,834,431,113,248,0.5339,-1,-1,-1
541,-1,916,433,91,248,0.4254,-1,-1,-1
542,-1,1495,379,284,687,0.9956,-1,-1,-1
542,-1,1728,374,174,684,0.7904,-1,-1,-1
542,-1,1034,449,107,260,0.5983,-1,-1,-1
542,-1,839,437,106,238,0.4456,-1,-1,-1
543,-1,1506,380,287,676,0.9962,-1,-1,-1
543,-1,1728,371,168,685,0.7228,-1,-1,-1
543,-1,1038,424,105,263,0.4912,-1,-1,-1
543,-1,915,432,97,249,0.4851,-1,-1,-1
543,-1,844,434,102,236,0.435,-1,-1,-1
544,-1,1511,384,291,678,0.994,-1,-1,-1
544,-1,1708,366,182,692,0.6905,-1,-1,-1
544,-1,913,427,99,254,0.612,-1,-1,-1
544,-1,1041,419,101,270,0.5343,-1,-1,-1
544,-1,846,430,102,241,0.5108,-1,-1,-1
545,-1,1521,387,286,680,0.9923,-1,-1,-1
545,-1,1700,367,186,699,0.5552,-1,-1,-1
545,-1,906,420,109,265,0.5481,-1,-1,-1
545,-1,1039,415,108,275,0.5381,-1,-1,-1
545,-1,852,427,97,243,0.4079,-1,-1,-1
546,-1,1534,379,288,687,0.987,-1,-1,-1
546,-1,903,419,113,266,0.6005,-1,-1,-1
546,-1,1036,416,110,275,0.5307,-1,-1,-1
546,-1,851,427,100,240,0.4689,-1,-1,-1
547,-1,1543,382,281,686,0.9874,-1,-1,-1
547,-1,1678,366,209,703,0.7959,-1,-1,-1
547,-1,906,431,108,250,0.4758,-1,-1,-1
548,-1,1546,379,301,688,0.9864,-1,-1,-1
548,-1,909,432,109,251,0.5439,-1,-1,-1
549,-1,1548,378,307,675,0.9837,-1,-1,-1
549,-1,911,430,108,252,0.6004,-1,-1,-1
549,-1,1043,424,105,267,0.5387,-1,-1,-1
549,-1,1080,439,105,277,0.445,-1,-1,-1
550,-1,1553,374,296,682,0.9812,-1,-1,-1
550,-1,917,433,100,247,0.5298,-1,-1,-1
550,-1,1038,445,112,268,0.4837,-1,-1,-1
550,-1,1088,442,114,275,0.4625,-1,-1,-1
550,-1,862,433,91,208,0.4388,-1,-1,-1
551,-1,1556,378,298,685,0.9678,-1,-1,-1
551,-1,923,431,96,250,0.6346,-1,-1,-1
551,-1,1081,435,124,286,0.5547,-1,-1,-1
551,-1,860,432,92,211,0.4962,-1,-1,-1
551,-1,579,443,61,114,0.4492,-1,-1,-1
551,-1,1044,441,105,272,0.4235,-1,-1,-1
552,-1,1552,380,324,684,0.9467,-1,-1,-1
552,-1,918,430,102,249,0.6634,-1,-1,-1
552,-1,1089,441,116,277,0.52,-1,-1,-1
552,-1,858,431,97,223,0.4875,-1,-1,-1
552,-1,580,442,61,115,0.4635,-1,-1,-1
552,-1,1043,427,96,264,0.4487,-1,-1,-1
553,-1,1552,367,335,700,0.9036,-1,-1,-1
553,-1,915,427,103,255,0.7198,-1,-1,-1
553,-1,856,431,99,231,0.541,-1,-1,-1
553,-1,1038,421,101,275,0.506,-1,-1,-1
553,-1,578,441,62,118,0.4992,-1,-1,-1
553,-1,1088,441,116,278,0.4775,-1,-1,-1
554,-1,1554,359,338,706,0.7602,-1,-1,-1
554,-1,921,425,102,254,0.754,-1,-1,-1
554,-1,854,431,101,230,0.5353,-1,-1,-1
554,-1,1093,443,112,273,0.5073,-1,-1,-1
554,-1,1037,422,101,272,0.4916,-1,-1,-1
554,-1,576,439,64,121,0.4285,-1,-1,-1
555,-1,1584,359,324,700,0.8105,-1,-1,-1
555,-1,927,426,101,253,0.7479,-1,-1,-1
555,-1,1093,449,118,265,0.648,-1,-1,-1
555,-1,1041,423,91,270,0.435,-1,-1,-1
555,-1,577,440,63,119,0.4097,-1,-1,-1
556,-1,1585,361,322,700,0.9049,-1,-1,-1
556,-1,928,429,101,248,0.6821,-1,-1,-1
556,-1,1094,451,124,264,0.6319,-1,-1,-1
557,-1,1584,360,324,705,0.9148,-1,-1,-1
557,-1,934,429,97,248,0.7216,-1,-1,-1
557,-1,1110,443,107,273,0.61,-1,-1,-1
557,-1,1023,424,87,264,0.4261,-1,-1,-1
558,-1,1587,356,316,720,0.9019,-1,-1,-1
558,-1,928,427,102,249,0.7126,-1,-1,-1
558,-1,1115,443,107,271,0.6419,-1,-1,-1
558,-1,1018,424,93,262,0.4843,-1,-1,-1
559,-1,1587,355,320,717,0.8839,-1,-1,-1
559,-1,930,430,102,246,0.7358,-1,-1,-1
559,-1,1112,445,109,268,0.6854,-1,-1,-1
559,-1,1013,430,93,257,0.4806,-1,-1,-1
559,-1,861,436,89,210,0.4003,-1,-1,-1
560,-1,1579,355,332,720,0.9228,-1,-1,-1
560,-1,930,423,107,256,0.7978,-1,-1,-1
560,-1,1103,439,121,274,0.5528,-1,-1,-1
560,-1,1015,417,99,273,0.55,-1,-1,-1
560,-1,580,443,58,117,0.4245,-1,-1,-1
561,-1,1588,353,317,726,0.8985,-1,-1,-1
561,-1,932,422,110,256,0.7775,-1,-1,-1
561,-1,1106,441,118,273,0.5741,-1,-1,-1
561,-1,1013,419,99,271,0.563,-1,-1,-1
562,-1,1597,356,311,720,0.9449,-1,-1,-1
562,-1,937,430,104,242,0.682,-1,-1,-1
562,-1,1016,427,98,258,0.6022,-1,-1,-1
562,-1,1115,444,112,267,0.5899,-1,-1,-1
563,-1,1596,358,318,719,0.9461,-1,-1,-1
563,-1,1013,427,105,258,0.5609,-1,-1,-1
563,-1,937,430,106,242,0.5583,-1,-1,-1
563,-1,1126,431,92,253,0.5066,-1,-1,-1
564,-1,1601,360,316,715,0.9628,-1,-1,-1
564,-1,1126,453,100,246,0.5283,-1,-1,-1
564,-1,944,433,100,238,0.5003,-1,-1,-1
564,-1,1013,434,102,250,0.4665,-1,-1,-1
564,-1,577,438,59,119,0.4069,-1,-1,-1
565,-1,1608,360,310,708,0.893,-1,-1,-1
565,-1,1008,429,108,259,0.5774,-1,-1,-1
565,-1,943,428,105,245,0.5756,-1,-1,-1
565,-1,1124,451,107,251,0.5566,-1,-1,-1
565,-1,577,436,58,121,0.4289,-1,-1,-1
566,-1,1623,352,291,722,0.9221,-1,-1,-1
566,-1,1001,418,113,271,0.6549,-1,-1,-1
566,-1,1127,423,102,266,0.5955,-1,-1,-1
566,-1,951,424,105,243,0.5626,-1,-1,-1
566,-1,579,437,58,121,0.4409,-1,-1,-1
567,-1,1625,352,291,718,0.9651,-1,-1,-1
567,-1,1131,446,107,259,0.5997,-1,-1,-1
567,-1,579,437,58,120,0.4525,-1,-1,-1
567,-1,1000,426,112,261,0.4509,-1,-1,-1
568,-1,1632,348,282,724,0.9791,-1,-1,-1
568,-1,1132,452,107,252,0.5874,-1,-1,-1
568,-1,958,428,97,237,0.493,-1,-1,-1
568,-1,580,438,56,118,0.4923,-1,-1,-1
568,-1,1003,428,106,256,0.4787,-1,-1,-1
569,-1,1636,343,282,721,0.9859,-1,-1,-1
569,-1,1138,449,100,258,0.6635,-1,-1,-1
569,-1,1005,429,97,256,0.5328,-1,-1,-1
569,-1,962,430,89,234,0.5145,-1,-1,-1
569,-1,579,439,55,118,0.4485,-1,-1,-1
570,-1,1642,343,274,718,0.9872,-1,-1,-1
570,-1,1136,447,104,261,0.6588,-1,-1,-1
570,-1,1006,426,105,260,0.6311,-1,-1,-1
570,-1,963,431,91,233,0.4879,-1,-1,-1
570,-1,581,443,56,115,0.442,-1,-1,-1
571,-1,1646,351,267,707,0.9846,-1,-1,-1
571,-1,1014,420,104,267,0.6626,-1,-1,-1
571,-1,1142,445,96,265,0.6424,-1,-1,-1
571,-1,582,445,56,115,0.4672,-1,-1,-1
571,-1,966,426,86,237,0.4172,-1,-1,-1
572,-1,1650,350,261,724,0.9744,-1,-1,-1
572,-1,1010,415,108,274,0.7267,-1,-1,-1
572,-1,1132,443,112,268,0.6888,-1,-1,-1
572,-1,961,426,92,238,0.485,-1,-1,-1
572,-1,581,443,55,115,0.4242,-1,-1,-1
573,-1,1651,354,259,727,0.9584,-1,-1,-1
573,-1,1008,411,111,279,0.7288,-1,-1,-1
573,-1,1129,445,119,266,0.6437,-1,-1,-1
574,-1,1648,351,265,724,0.9553,-1,-1,-1
574,-1,1008,406,115,282,0.7393,-1,-1,-1
574,-1,1133,440,115,270,0.4644,-1,-1,-1
574,-1,957,418,98,246,0.4075,-1,-1,-1
575,-1,1647,351,267,719,0.922,-1,-1,-1
575,-1,1009,413,116,272,0.5804,-1,-1,-1
575,-1,1131,443,119,266,0.4557,-1,-1,-1
576,-1,1643,353,272,718,0.9469,-1,-1,-1
576,-1,1005,416,124,271,0.4922,-1,-1,-1
576,-1,1188,453,108,257,0.4842,-1,-1,-1
576,-1,1143,448,108,257,0.4787,-1,-1,-1
577,-1,1644,363,268,707,0.9338,-1,-1,-1
577,-1,1007,417,124,264,0.5763,-1,-1,-1
577,-1,1189,455,112,252,0.5667,-1,-1,-1
577,-1,1143,449,111,254,0.5004,-1,-1,-1
578,-1,1645,368,268,706,0.9343,-1,-1,-1
578,-1,1011,418,114,261,0.7057,-1,-1,-1
578,-1,1147,430,98,258,0.5431,-1,-1,-1
578,-1,1187,453,114,254,0.4643,-1,-1,-1
579,-1,1645,386,269,688,0.8605,-1,-1,-1
579,-1,1005,420,117,259,0.7093,-1,-1,-1
579,-1,1152,451,104,253,0.5046,-1,-1,-1
579,-1,1192,453,108,253,0.5004,-1,-1,-1
580,-1,1646,379,268,691,0.9081,-1,-1,-1
580,-1,1011,419,116,262,0.7663,-1,-1,-1
580,-1,1190,454,111,250,0.5118,-1,-1,-1
580,-1,1145,431,100,256,0.46,-1,-1,-1
581,-1,1019,417,111,263,0.7678,-1,-1,-1
581,-1,1648,396,266,685,0.6341,-1,-1,-1
581,-1,1194,449,112,260,0.6323,-1,-1,-1
581,-1,1148,448,101,256,0.5051,-1,-1,-1
582,-1,1019,421,112,262,0.7549,-1,-1,-1
582,-1,1187,448,119,260,0.6179,-1,-1,-1
582,-1,1140,449,106,255,0.5461,-1,-1,-1
582,-1,1641,457,276,620,0.4458,-1,-1,-1
583,-1,1019,423,115,259,0.6817,-1,-1,-1
583,-1,1183,448,124,259,0.5945,-1,-1,-1
583,-1,1650,402,266,682,0.4357,-1,-1,-1
583,-1,1140,426,92,265,0.4237,-1,-1,-1
584,-1,1017,422,115,256,0.7176,-1,-1,-1
584,-1,1190,446,125,262,0.6402,-1,-1,-1
584,-1,1138,427,90,259,0.4248,-1,-1,-1
585,-1,1020,420,111,257,0.7828,-1,-1,-1
585,-1,1201,443,115,264,0.6201,-1,-1,-1
585,-1,1138,416,95,271,0.5572,-1,-1,-1
586,-1,1017,415,114,264,0.8286,-1,-1,-1
586,-1,1214,424,101,265,0.6438,-1,-1,-1
586,-1,1140,413,91,273,0.577,-1,-1,-1
587,-1,1015,417,115,261,0.7668,-1,-1,-1
587,-1,1215,448,103,253,0.5692,-1,-1,-1
587,-1,1131,421,94,264,0.4636,-1,-1,-1
587,-1,578,439,60,119,0.434,-1,-1,-1
588,-1,1019,416,113,263,0.8066,-1,-1,-1
588,-1,1222,426,94,260,0.5343,-1,-1,-1
588,-1,1135,418,94,268,0.518,-1,-1,-1
588,-1,578,438,62,119,0.4477,-1,-1,-1
589,-1,1027,417,107,263,0.8211,-1,-1,-1
589,-1,1226,442,96,261,0.5682,-1,-1,-1
589,-1,1128,420,88,264,0.5564,-1,-1,-1
589,-1,574,438,59,119,0.4033,-1,-1,-1
590,-1,1028,421,104,260,0.8159,-1,-1,-1
590,-1,1132,421,86,264,0.639,-1,-1,-1
590,-1,1228,427,93,261,0.6278,-1,-1,-1
591,-1,1035,415,100,265,0.7798,-1,-1,-1
591,-1,1117,418,93,269,0.638,-1,-1,-1
591,-1,1233,426,99,262,0.6173,-1,-1,-1
592,-1,1038,419,99,256,0.7695,-1,-1,-1
592,-1,1117,421,96,264,0.6757,-1,-1,-1
592,-1,1231,428,96,257,0.6383,-1,-1,-1
593,-1,1044,426,94,240,0.5619,-1,-1,-1
593,-1,1113,429,97,256,0.5427,-1,-1,-1
593,-1,1237,452,92,243,0.5237,-1,-1,-1
594,-1,1116,424,94,264,0.6051,-1,-1,-1
594,-1,1041,422,98,249,0.5981,-1,-1,-1
594,-1,1237,431,97,258,0.5644,-1,-1,-1
595,-1,1131,424,95,261,0.6251,-1,-1,-1
595,-1,1239,433,91,252,0.6003,-1,-1,-1
595,-1,1046,422,98,248,0.5482,-1,-1,-1
596,-1,1123,425,91,259,0.6811,-1,-1,-1
596,-1,1242,434,90,253,0.5688,-1,-1,-1
596,-1,1048,424,91,240,0.5603,-1,-1,-1
597,-1,1125,424,90,259,0.7048,-1,-1,-1
597,-1,1246,432,88,253,0.6377,-1,-1,-1
597,-1,1045,424,94,242,0.5859,-1,-1,-1
598,-1,1124,423,92,258,0.6933,-1,-1,-1
598,-1,1253,448,92,252,0.637,-1,-1,-1
598,-1,1047,420,92,239,0.5874,-1,-1,-1
599,-1,1125,423,93,256,0.6918,-1,-1,-1
599,-1,1240,434,94,251,0.6052,-1,-1,-1
599,-1,1050,418,92,241,0.5446,-1,-1,-1
600,-1,1125,424,92,252,0.6002,-1,-1,-1
600,-1,1242,436,96,248,0.5396,-1,-1,-1
600,-1,1049,417,93,241,0.5091,-1,-1,-1
