35,2143,1467.01,516.23,59.76,147.03,1,-1,-1,-1
36,2143,1474.43,513.19,61.63,150.08,1,-1,-1,-1
37,2143,1477.29,510.33,62.28,149.83,1,-1,-1,-1
38,2143,1476.03,501.52,64.72,154.47,1,-1,-1,-1
39,2143,1482.84,502.57,64.72,157.55,1,-1,-1,-1
40,2143,1482.89,505.52,64.73,155.65,1,-1,-1,-1
41,2143,1484.73,509.62,64.72,154.26,1,-1,-1,-1
42,2143,1486.86,506.30,64.21,155.52,1,-1,-1,-1
43,2143,1481.72,512.49,65.76,150.33,1,-1,-1,-1
44,2143,1482.70,504.91,62.90,153.05,1,-1,-1,-1
45,2143,1487.32,505.93,60.37,152.23,1,-1,-1,-1
54,2146,535.78,509.72,51.39,139.78,1,-1,-1,-1
58,2149,1589.02,469.28,77.36,246.06,1,-1,-1,-1
59,2149,1592.09,480.52,72.64,233.75,1,-1,-1,-1
60,2149,1589.68,479.99,72.54,232.60,1,-1,-1,-1
61,2149,1592.26,475.13,74.17,234.22,1,-1,-1,-1
62,2149,1587.82,475.65,77.00,240.00,1,-1,-1,-1
63,2149,1583.04,465.99,78.81,243.89,1,-1,-1,-1
64,2149,1587.36,485.42,76.82,238.02,1,-1,-1,-1
65,2149,1590.84,495.57,75.69,231.89,1,-1,-1,-1
66,2150,335.72,516.87,64.93,191.16,1,-1,-1,-1
66,2149,1587.25,486.04,79.00,237.99,1,-1,-1,-1
67,2150,344.92,494.69,63.22,184.72,1,-1,-1,-1
67,2149,1588.64,487.50,78.72,241.36,1,-1,-1,-1
68,2150,349.43,511.44,65.93,189.65,1,-1,-1,-1
68,2149,1592.97,491.27,76.28,235.40,1,-1,-1,-1
69,2150,354.37,491.51,64.67,189.24,1,-1,-1,-1
69,2149,1599.82,507.03,74.79,228.13,1,-1,-1,-1
70,2150,364.60,494.70,60.13,182.15,1,-1,-1,-1
70,2149,1601.45,505.44,75.41,228.45,1,-1,-1,-1
70,2146,522.92,493.92,56.48,158.03,1,-1,-1,-1
71,2150,365.68,504.54,55.79,171.50,1,-1,-1,-1
71,2149,1604.40,497.76,76.14,234.65,1,-1,-1,-1
72,2150,374.06,506.37,53.45,167.34,1,-1,-1,-1
72,2149,1608.49,488.04,77.59,241.29,1,-1,-1,-1
73,2150,373.71,511.83,51.10,161.80,1,-1,-1,-1
73,2149,1616.25,490.01,76.11,243.56,1,-1,-1,-1
74,2150,376.10,511.35,50.23,158.89,1,-1,-1,-1
74,2149,1627.02,498.45,75.46,237.50,1,-1,-1,-1
74,2146,507.81,501.23,53.86,149.98,1,-1,-1,-1
75,2150,377.12,510.50,50.04,157.92,1,-1,-1,-1
75,2149,1635.55,510.24,74.66,230.39,1,-1,-1,-1
75,2146,505.54,507.31,54.47,147.33,1,-1,-1,-1
76,2150,380.03,511.63,48.67,156.09,1,-1,-1,-1
76,2149,1644.32,507.07,74.83,233.68,1,-1,-1,-1
76,2146,500.19,507.49,54.05,146.64,1,-1,-1,-1
77,2149,1647.88,510.31,75.49,235.08,1,-1,-1,-1
77,2146,494.93,506.38,54.62,147.40,1,-1,-1,-1
78,2149,1651.39,518.37,77.69,235.57,1,-1,-1,-1
78,2146,490.33,509.44,55.00,145.30,1,-1,-1,-1
79,2151,359.28,515.36,49.38,149.07,1,-1,-1,-1
79,2149,1657.54,527.36,80.37,231.58,1,-1,-1,-1
79,2146,482.37,513.19,54.70,143.20,1,-1,-1,-1
80,2152,304.30,526.43,64.51,167.56,1,-1,-1,-1
80,2149,1658.99,531.10,82.88,228.58,1,-1,-1,-1
80,2146,484.19,504.34,54.90,147.25,1,-1,-1,-1
81,2152,297.14,526.71,65.05,168.24,1,-1,-1,-1
81,2149,1660.92,531.45,84.70,227.42,1,-1,-1,-1
82,2152,297.58,526.09,65.41,168.98,1,-1,-1,-1
82,2149,1660.08,537.82,86.28,224.77,1,-1,-1,-1
83,2153,340.39,523.28,51.89,152.71,1,-1,-1,-1
83,2149,1660.29,537.76,86.88,224.63,1,-1,-1,-1
84,2153,338.03,528.08,50.94,148.05,1,-1,-1,-1
84,2149,1659.65,532.95,87.67,227.43,1,-1,-1,-1
85,2149,1666.99,527.41,88.26,230.56,1,-1,-1,-1
86,2155,70.67,507.29,66.43,227.53,1,-1,-1,-1
86,2154,150.76,511.12,67.54,215.11,1,-1,-1,-1
86,2149,1667.91,526.15,88.07,231.88,1,-1,-1,-1
87,2149,1668.06,527.57,88.82,234.39,1,-1,-1,-1
88,2149,1669.53,528.33,90.00,239.38,1,-1,-1,-1
89,2149,1668.28,529.41,92.56,244.18,1,-1,-1,-1
90,2149,1669.36,536.92,93.49,245.39,1,-1,-1,-1
91,2153,353.06,538.22,52.61,141.47,1,-1,-1,-1
91,2149,1669.14,540.33,95.60,247.87,1,-1,-1,-1
92,2153,364.73,538.03,52.98,141.55,1,-1,-1,-1
92,2149,1667.30,534.46,98.43,255.80,1,-1,-1,-1
93,2155,31.85,517.00,70.46,216.70,1,-1,-1,-1
93,2153,376.27,541.89,53.16,140.23,1,-1,-1,-1
93,2149,1667.81,529.78,100.21,263.55,1,-1,-1,-1
94,2156,337.77,542.76,67.17,160.46,1,-1,-1,-1
94,2155,37.02,522.05,71.17,211.14,1,-1,-1,-1
94,2154,154.72,527.66,69.16,198.62,1,-1,-1,-1
94,2149,1667.75,530.70,102.55,268.81,1,-1,-1,-1
95,2156,356.75,538.48,67.72,165.34,1,-1,-1,-1
95,2149,1672.82,538.93,101.61,266.68,1,-1,-1,-1
96,2156,367.36,546.69,67.86,162.72,1,-1,-1,-1
96,2149,1678.01,540.27,99.81,266.67,1,-1,-1,-1
97,2156,364.13,539.90,70.37,168.83,1,-1,-1,-1
97,2149,1679.01,544.08,97.64,265.79,1,-1,-1,-1
98,2156,361.39,537.88,71.40,172.30,1,-1,-1,-1
98,2155,33.01,513.89,66.12,213.83,1,-1,-1,-1
98,2149,1678.40,551.55,96.05,262.39,1,-1,-1,-1
99,2156,358.54,533.96,73.43,175.84,1,-1,-1,-1
99,2155,34.57,511.95,67.05,216.54,1,-1,-1,-1
99,2149,1680.49,546.26,95.23,266.09,1,-1,-1,-1
100,2156,354.54,537.77,74.82,175.50,1,-1,-1,-1
100,2155,42.58,507.31,67.18,220.80,1,-1,-1,-1
101,2156,350.91,534.89,77.92,178.59,1,-1,-1,-1
102,2156,348.20,537.66,78.17,176.74,1,-1,-1,-1
103,2156,347.14,536.41,77.48,177.29,1,-1,-1,-1
104,2156,341.53,538.31,76.87,176.07,1,-1,-1,-1
105,2156,333.79,542.86,77.89,173.87,1,-1,-1,-1
105,2155,49.68,524.12,63.14,207.11,1,-1,-1,-1
106,2156,329.93,536.70,80.11,178.23,1,-1,-1,-1
106,2155,40.69,507.88,67.41,220.04,1,-1,-1,-1
107,2156,322.06,536.11,82.58,182.30,1,-1,-1,-1
107,2155,44.26,509.45,71.47,221.25,1,-1,-1,-1
108,2156,310.11,527.61,82.45,189.23,1,-1,-1,-1
108,2155,36.44,497.08,78.99,231.34,1,-1,-1,-1
108,2154,130.18,518.03,78.54,210.38,1,-1,-1,-1
109,2156,301.93,527.91,79.98,190.73,1,-1,-1,-1
109,2155,33.45,504.05,80.62,226.25,1,-1,-1,-1
109,2154,132.32,521.52,76.60,206.45,1,-1,-1,-1
110,2156,298.00,524.31,78.22,193.49,1,-1,-1,-1
110,2155,32.68,502.94,83.83,226.64,1,-1,-1,-1
110,2154,127.50,519.39,77.42,207.28,1,-1,-1,-1
111,2156,290.04,525.68,76.29,194.34,1,-1,-1,-1
111,2155,30.21,506.20,85.53,224.03,1,-1,-1,-1
111,2154,134.71,521.34,74.75,204.69,1,-1,-1,-1
112,2156,277.29,526.76,74.28,194.86,1,-1,-1,-1
112,2155,29.36,504.22,87.37,224.94,1,-1,-1,-1
112,2154,128.96,518.36,73.17,205.25,1,-1,-1,-1
113,2156,266.03,525.56,72.24,195.67,1,-1,-1,-1
113,2155,31.76,509.07,87.23,221.92,1,-1,-1,-1
114,2156,261.94,531.69,70.10,192.63,1,-1,-1,-1
117,2149,1726.34,620.18,120.12,273.16,1,-1,-1,-1
118,2155,41.84,540.94,79.79,194.34,1,-1,-1,-1
118,2152,173.01,557.53,58.22,168.80,1,-1,-1,-1
118,2149,1730.03,624.77,120.40,269.90,1,-1,-1,-1
119,2155,44.90,544.79,76.03,191.29,1,-1,-1,-1
119,2152,166.30,562.66,59.61,167.19,1,-1,-1,-1
119,2149,1731.67,627.85,121.17,268.33,1,-1,-1,-1
120,2155,40.91,538.44,73.80,194.58,1,-1,-1,-1
120,2152,150.66,560.59,62.92,168.61,1,-1,-1,-1
120,2149,1733.28,627.20,122.60,270.44,1,-1,-1,-1
121,2155,42.60,531.63,73.73,200.62,1,-1,-1,-1
121,2152,146.60,560.04,62.67,170.58,1,-1,-1,-1
121,2149,1758.04,631.84,117.15,269.05,1,-1,-1,-1
122,2157,20.09,535.64,71.77,232.43,1,-1,-1,-1
122,2155,50.08,539.98,69.84,196.03,1,-1,-1,-1
122,2152,152.28,560.59,62.19,171.69,1,-1,-1,-1
122,2149,1772.38,632.89,117.40,269.71,1,-1,-1,-1
123,2157,37.01,556.64,65.15,210.74,1,-1,-1,-1
123,2155,58.68,553.82,65.96,187.27,1,-1,-1,-1
123,2152,160.18,562.92,61.26,171.08,1,-1,-1,-1
123,2149,1774.17,634.89,121.21,272.40,1,-1,-1,-1
124,2155,58.98,567.32,64.51,189.56,1,-1,-1,-1
124,2152,164.37,563.63,60.04,171.12,1,-1,-1,-1
124,2149,1776.36,633.68,124.54,275.17,1,-1,-1,-1
125,2155,60.29,570.26,62.16,178.34,1,-1,-1,-1
125,2152,157.60,558.67,62.02,174.98,1,-1,-1,-1
125,2149,1779.16,634.10,126.11,276.19,1,-1,-1,-1
126,2155,54.75,565.54,60.23,175.15,1,-1,-1,-1
126,2149,1781.08,633.89,125.33,278.44,1,-1,-1,-1
127,2155,57.17,566.12,58.26,171.66,1,-1,-1,-1
127,2149,1783.20,635.82,123.91,278.98,1,-1,-1,-1
128,2155,58.89,566.87,56.54,169.83,1,-1,-1,-1
128,2149,1788.67,637.98,120.93,278.78,1,-1,-1,-1
129,2155,49.66,555.28,56.05,175.83,1,-1,-1,-1
129,2149,1788.89,640.70,119.31,278.63,1,-1,-1,-1
130,2155,56.00,533.84,58.39,190.60,1,-1,-1,-1
130,2149,1791.46,652.14,118.03,286.97,1,-1,-1,-1
131,2155,50.63,535.56,59.83,192.16,1,-1,-1,-1
131,2149,1799.28,657.11,113.41,291.95,1,-1,-1,-1
132,2149,1804.14,658.29,108.96,297.60,1,-1,-1,-1
133,2149,1804.75,660.19,106.87,305.71,1,-1,-1,-1
134,2149,1804.57,659.25,105.36,314.45,1,-1,-1,-1
135,2158,16.17,565.00,62.84,209.28,1,-1,-1,-1
135,2149,1805.85,660.64,103.85,317.26,1,-1,-1,-1
136,2158,12.16,554.89,62.07,218.07,1,-1,-1,-1
136,2149,1806.14,663.47,102.19,318.02,1,-1,-1,-1
137,2158,5.43,555.92,60.01,217.64,1,-1,-1,-1
137,2149,1810.62,663.69,100.48,323.66,1,-1,-1,-1
201,2159,1601.35,518.18,59.32,152.88,1,-1,-1,-1
227,2160,1378.23,436.26,69.96,232.73,1,-1,-1,-1
228,2160,1378.81,426.39,71.79,243.44,1,-1,-1,-1
229,2160,1385.39,421.49,71.46,248.05,1,-1,-1,-1
230,2165,1762.41,551.11,57.61,128.87,1,-1,-1,-1
230,2160,1388.24,430.97,70.39,245.17,1,-1,-1,-1
231,2165,1766.97,555.34,54.82,124.61,1,-1,-1,-1
231,2160,1390.21,444.38,68.62,235.79,1,-1,-1,-1
232,2165,1773.39,548.27,59.19,136.71,1,-1,-1,-1
232,2160,1405.68,429.01,70.54,246.85,1,-1,-1,-1
233,2165,1786.03,547.16,55.04,133.64,1,-1,-1,-1
234,2165,1799.67,543.46,52.14,132.03,1,-1,-1,-1
235,2165,1822.38,544.59,49.89,130.58,1,-1,-1,-1
236,2160,1416.31,449.20,68.71,232.49,1,-1,-1,-1
237,2160,1435.34,442.95,68.88,234.14,1,-1,-1,-1
238,2160,1442.47,463.07,68.16,219.25,1,-1,-1,-1
239,2165,1866.06,526.61,53.03,152.11,1,-1,-1,-1
240,2165,1863.28,527.56,52.08,149.57,1,-1,-1,-1
242,2160,1441.60,493.16,64.75,189.99,1,-1,-1,-1
243,2160,1444.52,497.88,65.12,184.95,1,-1,-1,-1
244,2160,1446.61,492.55,66.33,187.34,1,-1,-1,-1
245,2160,1453.23,484.84,66.70,191.68,1,-1,-1,-1
285,2169,1815.53,569.36,100.09,290.49,1,-1,-1,-1
286,2169,1817.49,566.27,97.70,290.64,1,-1,-1,-1
313,2170,152.42,550.51,73.02,227.90,1,-1,-1,-1
320,2167,51.70,616.73,71.57,164.21,1,-1,-1,-1
321,2167,45.66,617.73,70.98,165.20,1,-1,-1,-1
322,2167,48.62,619.75,71.41,164.83,1,-1,-1,-1
326,2167,43.07,607.30,71.61,180.23,1,-1,-1,-1
334,2171,1400.44,531.83,96.21,213.48,1,-1,-1,-1
335,2171,1409.05,535.29,94.11,212.42,1,-1,-1,-1
339,2171,1414.08,517.82,97.61,237.76,1,-1,-1,-1
340,2171,1412.68,520.66,100.68,237.21,1,-1,-1,-1
341,2171,1408.17,528.02,101.35,236.90,1,-1,-1,-1
342,2171,1392.98,510.87,110.96,252.45,1,-1,-1,-1
343,2171,1395.30,523.16,112.27,251.52,1,-1,-1,-1
344,2171,1398.34,525.44,111.82,254.64,1,-1,-1,-1
345,2173,1583.49,533.34,93.80,261.43,1,-1,-1,-1
345,2171,1400.37,536.21,119.80,257.53,1,-1,-1,-1
346,2173,1584.50,524.35,95.08,270.04,1,-1,-1,-1
346,2171,1396.73,551.64,118.62,250.88,1,-1,-1,-1
346,2170,150.70,597.82,75.99,238.36,1,-1,-1,-1
347,2173,1588.22,520.59,94.10,273.17,1,-1,-1,-1
347,2171,1394.33,543.94,113.69,251.15,1,-1,-1,-1
348,2173,1587.09,525.67,92.97,270.09,1,-1,-1,-1
349,2173,1591.41,530.52,90.30,263.49,1,-1,-1,-1
350,2173,1584.82,535.66,86.05,255.52,1,-1,-1,-1
351,2173,1585.36,572.16,88.36,245.96,1,-1,-1,-1
352,2173,1586.03,552.08,89.57,245.17,1,-1,-1,-1
352,2171,1379.69,590.49,118.59,244.20,1,-1,-1,-1
353,2171,1378.87,589.47,127.01,249.72,1,-1,-1,-1
354,2171,1383.84,586.79,135.40,259.41,1,-1,-1,-1
355,2171,1390.57,588.94,139.39,261.05,1,-1,-1,-1
356,2174,68.23,612.42,76.44,243.73,1,-1,-1,-1
356,2173,1591.62,576.21,97.62,261.63,1,-1,-1,-1
356,2171,1399.90,587.62,139.76,265.06,1,-1,-1,-1
357,2174,66.54,619.70,75.94,238.34,1,-1,-1,-1
357,2173,1586.65,583.99,98.77,262.46,1,-1,-1,-1
357,2171,1397.51,592.54,141.90,264.63,1,-1,-1,-1
358,2174,50.37,631.69,82.11,253.49,1,-1,-1,-1
358,2173,1583.79,586.13,101.74,265.34,1,-1,-1,-1
358,2171,1390.59,598.93,146.81,264.35,1,-1,-1,-1
359,2174,41.33,636.65,86.02,259.95,1,-1,-1,-1
359,2173,1586.01,584.75,106.03,271.14,1,-1,-1,-1
359,2171,1404.92,613.28,144.75,260.37,1,-1,-1,-1
360,2173,1591.77,588.88,103.02,270.25,1,-1,-1,-1
360,2171,1411.27,620.01,138.14,259.31,1,-1,-1,-1
361,2173,1593.66,588.82,98.46,267.61,1,-1,-1,-1
361,2171,1415.24,622.94,133.05,260.45,1,-1,-1,-1
362,2173,1586.24,588.81,96.56,262.36,1,-1,-1,-1
362,2171,1405.91,629.40,130.47,262.94,1,-1,-1,-1
363,2173,1590.70,585.24,91.71,260.07,1,-1,-1,-1
363,2171,1402.98,630.05,130.13,270.46,1,-1,-1,-1
364,2173,1584.39,618.13,90.81,259.82,1,-1,-1,-1
364,2171,1404.70,634.51,124.95,271.73,1,-1,-1,-1
365,2173,1582.57,635.30,88.67,256.64,1,-1,-1,-1
365,2171,1401.69,645.30,127.02,267.44,1,-1,-1,-1
366,2173,1584.71,634.17,89.40,264.44,1,-1,-1,-1
366,2171,1405.38,640.00,134.45,272.50,1,-1,-1,-1
367,2173,1581.58,629.28,89.08,272.00,1,-1,-1,-1
367,2171,1408.03,642.81,128.88,271.00,1,-1,-1,-1
368,2173,1580.73,629.70,92.23,278.43,1,-1,-1,-1
368,2171,1408.37,643.10,131.30,275.60,1,-1,-1,-1
369,2173,1582.29,629.91,91.00,280.41,1,-1,-1,-1
369,2171,1410.96,641.91,130.54,279.68,1,-1,-1,-1
370,2173,1583.75,625.61,91.43,288.96,1,-1,-1,-1
370,2171,1422.98,637.28,127.70,281.48,1,-1,-1,-1
371,2173,1588.53,625.48,90.99,290.19,1,-1,-1,-1
371,2171,1432.68,660.31,124.77,280.68,1,-1,-1,-1
372,2173,1591.64,620.45,94.77,297.73,1,-1,-1,-1
372,2171,1435.49,666.12,124.60,283.39,1,-1,-1,-1
373,2173,1592.14,620.85,94.26,296.38,1,-1,-1,-1
373,2171,1435.85,664.26,126.45,288.29,1,-1,-1,-1
374,2173,1585.21,622.63,93.90,297.60,1,-1,-1,-1
375,2173,1585.71,621.99,95.31,297.24,1,-1,-1,-1
388,2171,1434.36,640.35,137.53,357.61,1,-1,-1,-1
389,2171,1426.44,627.12,140.81,369.00,1,-1,-1,-1
390,2171,1429.88,639.45,143.49,373.85,1,-1,-1,-1
391,2171,1421.03,637.80,149.76,385.01,1,-1,-1,-1
392,2171,1409.97,633.40,155.76,386.23,1,-1,-1,-1
393,2171,1405.47,649.97,151.46,383.42,1,-1,-1,-1
394,2171,1402.46,657.73,149.22,376.02,1,-1,-1,-1
395,2171,1395.73,657.88,145.27,357.08,1,-1,-1,-1
401,2171,1322.12,727.11,127.83,337.81,1,-1,-1,-1
402,2171,1307.67,732.58,132.29,341.80,1,-1,-1,-1
403,2171,1289.56,732.63,138.81,345.03,1,-1,-1,-1
404,2171,1275.85,731.53,142.40,349.43,1,-1,-1,-1
405,2171,1268.46,754.43,143.43,338.75,1,-1,-1,-1
410,2172,1165.73,729.55,170.14,351.62,1,-1,-1,-1
414,2172,1079.51,758.17,163.92,337.32,1,-1,-1,-1
415,2172,1058.45,765.23,165.52,331.28,1,-1,-1,-1
416,2172,1016.93,767.30,161.29,327.34,1,-1,-1,-1
417,2172,994.59,765.06,161.31,327.72,1,-1,-1,-1
418,2172,979.48,772.15,158.54,325.50,1,-1,-1,-1
419,2172,961.49,772.43,158.18,322.73,1,-1,-1,-1
422,2183,873.64,778.74,143.27,314.77,1,-1,-1,-1
423,2183,856.39,781.04,142.48,311.61,1,-1,-1,-1
425,2182,783.40,791.72,133.53,302.56,1,-1,-1,-1
430,2184,1382.60,600.17,85.79,225.85,1,-1,-1,-1
431,2184,1353.65,597.13,84.96,233.64,1,-1,-1,-1
432,2184,1339.33,597.05,86.44,241.21,1,-1,-1,-1
433,2184,1330.77,592.13,87.38,244.57,1,-1,-1,-1
437,2188,1418.51,573.90,92.78,259.60,1,-1,-1,-1
437,2184,1255.73,592.91,83.59,254.36,1,-1,-1,-1
438,2188,1387.87,571.63,92.45,260.82,1,-1,-1,-1
438,2184,1247.18,588.23,85.54,259.53,1,-1,-1,-1
439,2191,1354.14,578.85,84.93,251.86,1,-1,-1,-1
447,2194,1013.41,622.57,96.26,287.28,1,-1,-1,-1
451,2184,1020.98,596.05,88.20,257.20,1,-1,-1,-1
452,2184,1008.81,591.39,92.83,261.66,1,-1,-1,-1
455,2198,708.46,645.09,130.91,338.64,1,-1,-1,-1
456,2200,1646.56,750.51,190.51,313.83,1,-1,-1,-1
456,2198,667.32,655.22,129.89,332.08,1,-1,-1,-1
457,2201,355.48,545.51,66.15,171.73,1,-1,-1,-1
457,2200,1606.15,735.61,189.46,327.26,1,-1,-1,-1
457,2198,629.87,654.73,134.22,346.31,1,-1,-1,-1
458,2201,340.81,560.89,62.33,160.60,1,-1,-1,-1
458,2200,1574.01,730.20,185.87,329.00,1,-1,-1,-1
458,2198,596.42,656.41,130.95,351.55,1,-1,-1,-1
458,2196,812.52,652.26,105.28,230.18,1,-1,-1,-1
459,2200,1537.96,724.58,183.71,333.95,1,-1,-1,-1
459,2198,555.30,687.72,123.65,339.13,1,-1,-1,-1
460,2200,1510.65,748.28,180.13,336.08,1,-1,-1,-1
460,2198,505.93,685.36,131.72,355.35,1,-1,-1,-1
461,2200,1473.82,750.59,181.86,336.75,1,-1,-1,-1
461,2198,460.92,701.52,134.92,347.65,1,-1,-1,-1
461,2194,703.68,646.44,102.20,241.15,1,-1,-1,-1
462,2200,1439.74,758.93,179.26,333.00,1,-1,-1,-1
462,2198,412.94,700.66,148.24,363.25,1,-1,-1,-1
462,2194,686.91,648.98,98.88,240.45,1,-1,-1,-1
463,2200,1408.53,769.41,178.77,326.27,1,-1,-1,-1
463,2198,365.54,728.23,152.65,361.47,1,-1,-1,-1
464,2204,594.44,648.93,108.15,266.59,1,-1,-1,-1
466,2206,514.15,641.85,101.02,284.91,1,-1,-1,-1
467,2206,492.67,626.50,108.15,302.78,1,-1,-1,-1
470,2207,373.33,673.57,124.60,283.90,1,-1,-1,-1
472,2208,212.07,643.25,133.77,330.12,1,-1,-1,-1
473,2208,180.03,641.53,138.61,334.43,1,-1,-1,-1
474,2208,120.80,648.41,136.19,326.89,1,-1,-1,-1
474,2207,197.78,673.42,114.77,288.83,1,-1,-1,-1
475,2208,101.56,674.86,124.58,303.42,1,-1,-1,-1
475,2207,168.37,688.17,115.45,283.78,1,-1,-1,-1
484,2210,1659.90,615.11,184.84,332.44,1,-1,-1,-1
485,2210,1615.87,612.06,182.13,326.68,1,-1,-1,-1
486,2210,1576.06,618.30,185.14,324.02,1,-1,-1,-1
487,2210,1538.01,620.34,186.67,323.92,1,-1,-1,-1
488,2210,1496.15,618.20,189.70,322.52,1,-1,-1,-1
489,2210,1453.10,622.38,187.58,318.14,1,-1,-1,-1
490,2210,1413.89,627.13,169.82,304.62,1,-1,-1,-1
491,2210,1375.55,633.37,175.06,318.08,1,-1,-1,-1
492,2210,1331.83,641.00,177.56,326.41,1,-1,-1,-1
493,2210,1295.34,646.58,175.88,327.20,1,-1,-1,-1
494,2210,1244.88,646.25,184.15,332.75,1,-1,-1,-1
495,2210,1199.58,651.03,189.25,330.04,1,-1,-1,-1
496,2210,1159.67,654.69,190.25,331.00,1,-1,-1,-1
497,2210,1110.84,656.43,181.40,327.09,1,-1,-1,-1
498,2210,1079.66,660.19,181.98,327.71,1,-1,-1,-1
499,2210,1039.23,662.51,182.58,326.59,1,-1,-1,-1
500,2210,993.26,661.53,183.26,325.72,1,-1,-1,-1
501,2210,965.33,662.38,175.20,324.07,1,-1,-1,-1
502,2210,907.10,661.00,177.85,324.70,1,-1,-1,-1
503,2210,865.57,665.13,180.56,323.33,1,-1,-1,-1
510,2214,481.86,691.97,163.86,373.71,1,-1,-1,-1
511,2214,413.40,699.75,162.02,364.53,1,-1,-1,-1
512,2215,1601.33,622.60,108.79,236.97,1,-1,-1,-1
512,2214,368.93,705.76,160.59,359.65,1,-1,-1,-1
513,2215,1567.00,578.00,119.50,277.05,1,-1,-1,-1
513,2214,304.78,710.41,154.74,355.19,1,-1,-1,-1
514,2215,1540.59,579.66,109.09,271.62,1,-1,-1,-1
514,2214,252.35,715.81,159.18,351.47,1,-1,-1,-1
515,2214,192.93,725.26,169.49,351.54,1,-1,-1,-1
516,2214,152.06,735.89,175.66,357.60,1,-1,-1,-1
517,2216,1437.16,634.45,102.47,248.23,1,-1,-1,-1
517,2214,78.94,747.39,189.56,354.76,1,-1,-1,-1
518,2216,1398.45,652.13,104.47,239.56,1,-1,-1,-1
518,2214,36.11,754.69,183.49,346.98,1,-1,-1,-1
519,2216,1363.44,630.37,94.47,232.92,1,-1,-1,-1
519,2214,-2.06,766.73,167.87,335.42,1,-1,-1,-1
520,2216,1319.42,659.19,102.39,224.40,1,-1,-1,-1
521,2216,1267.14,670.71,104.17,215.66,1,-1,-1,-1
522,2216,1239.53,675.83,99.26,209.40,1,-1,-1,-1
523,2218,1584.55,729.46,152.92,311.56,1,-1,-1,-1
523,2216,1221.13,676.68,97.37,209.39,1,-1,-1,-1
524,2218,1573.00,738.18,133.43,282.16,1,-1,-1,-1
524,2216,1174.45,683.75,95.78,206.26,1,-1,-1,-1
525,2216,1146.51,678.80,97.56,214.56,1,-1,-1,-1
528,2218,1464.94,744.57,115.67,254.09,1,-1,-1,-1
529,2218,1435.79,747.76,113.36,252.71,1,-1,-1,-1
530,2218,1417.62,754.40,111.20,251.48,1,-1,-1,-1
531,2218,1386.37,752.65,113.79,252.81,1,-1,-1,-1
532,2218,1351.21,756.12,118.19,257.70,1,-1,-1,-1
533,2218,1327.50,756.63,118.01,258.45,1,-1,-1,-1
534,2218,1298.08,757.53,119.55,260.58,1,-1,-1,-1
535,2218,1267.97,755.63,125.40,272.40,1,-1,-1,-1
535,2215,867.94,703.61,102.84,241.54,1,-1,-1,-1
536,2218,1244.34,753.02,125.94,277.95,1,-1,-1,-1
536,2216,772.67,708.92,98.38,235.89,1,-1,-1,-1
536,2215,831.15,708.10,103.31,242.00,1,-1,-1,-1
537,2218,1222.48,751.71,125.78,278.65,1,-1,-1,-1
537,2216,743.32,711.08,98.87,238.34,1,-1,-1,-1
537,2215,799.58,708.73,102.24,244.65,1,-1,-1,-1
538,2218,1189.05,744.59,128.17,281.59,1,-1,-1,-1
538,2216,721.00,707.49,100.81,243.90,1,-1,-1,-1
538,2215,772.15,704.94,102.14,249.48,1,-1,-1,-1
539,2218,1154.17,747.59,131.52,287.03,1,-1,-1,-1
539,2216,668.63,710.38,97.41,245.13,1,-1,-1,-1
539,2215,728.14,710.91,100.82,250.59,1,-1,-1,-1
540,2218,1138.81,745.15,125.92,281.14,1,-1,-1,-1
540,2216,635.93,716.92,97.86,246.89,1,-1,-1,-1
540,2215,695.64,715.01,100.71,250.98,1,-1,-1,-1
541,2216,610.62,710.85,100.61,258.55,1,-1,-1,-1
544,2215,573.10,754.78,100.08,254.38,1,-1,-1,-1
545,2216,447.55,746.44,110.26,265.23,1,-1,-1,-1
545,2215,526.00,754.11,101.42,258.77,1,-1,-1,-1
546,2216,414.95,747.00,118.39,273.58,1,-1,-1,-1
546,2215,485.56,754.80,104.79,266.65,1,-1,-1,-1
547,2216,358.56,747.00,114.51,274.23,1,-1,-1,-1
547,2215,451.91,757.37,103.04,265.96,1,-1,-1,-1
548,2216,325.43,749.41,114.03,277.16,1,-1,-1,-1
548,2215,407.72,757.27,104.73,271.41,1,-1,-1,-1
549,2216,305.69,752.41,114.92,283.60,1,-1,-1,-1
549,2215,364.90,758.40,108.76,276.67,1,-1,-1,-1
550,2215,313.28,773.52,110.15,285.52,1,-1,-1,-1
551,2215,272.87,760.30,114.82,295.08,1,-1,-1,-1
553,2216,112.71,762.45,147.89,320.77,1,-1,-1,-1
554,2216,82.65,770.18,145.26,317.96,1,-1,-1,-1
557,2222,11.53,803.33,112.63,271.97,1,-1,-1,-1
559,2223,634.49,802.23,88.24,261.97,1,-1,-1,-1
560,2223,619.14,799.90,87.99,262.92,1,-1,-1,-1
561,2223,588.20,794.27,96.63,278.14,1,-1,-1,-1
562,2223,550.49,789.85,103.98,288.28,1,-1,-1,-1
563,2223,526.78,794.30,100.18,282.56,1,-1,-1,-1
564,2223,501.65,794.93,102.32,282.38,1,-1,-1,-1
565,2223,475.58,797.51,104.69,281.61,1,-1,-1,-1
566,2223,455.50,801.08,110.58,282.08,1,-1,-1,-1
567,2223,421.02,804.59,112.77,283.16,1,-1,-1,-1
568,2223,390.33,810.67,115.29,279.22,1,-1,-1,-1
569,2223,365.60,809.59,116.20,278.37,1,-1,-1,-1
570,2223,341.03,811.96,121.94,275.67,1,-1,-1,-1
571,2223,315.29,815.50,121.40,272.53,1,-1,-1,-1
572,2223,286.08,815.38,125.19,270.20,1,-1,-1,-1
573,2223,257.93,818.21,127.18,264.14,1,-1,-1,-1
574,2223,229.15,823.85,134.49,258.51,1,-1,-1,-1
575,2223,200.98,829.40,135.59,255.38,1,-1,-1,-1
576,2223,181.16,836.82,138.39,252.63,1,-1,-1,-1
581,2223,31.48,830.17,148.24,259.58,1,-1,-1,-1
600,2225,1800.81,542.48,72.34,244.01,1,-1,-1,-1
