1 1 1341.07 418.62 159.87 363.97 0.887 -1 -1 -1 -1
1 2 445.03 446.35 111.39 274.83 0.858 -1 -1 -1 -1
1 3 584.6 446.23 86.9 261.08 0.855 -1 -1 -1 -1
1 4 1097.85 437.53 40.59 113.87 0.819 -1 -1 -1 -1
1 5 933.97 431.9 41.75 110.44 0.797 -1 -1 -1 -1
1 6 1055.67 487.36 35.39 109.51 0.79 -1 -1 -1 -1
1 7 1415.52 425.28 184.42 340.37 0.789 -1 -1 -1 -1
1 8 1256.35 444.17 37.5 102.35 0.786 -1 -1 -1 -1
1 9 548.33 462.72 31.44 92.05 0.766 -1 -1 -1 -1
1 10 1012.2 433.22 40.33 111.56 0.715 -1 -1 -1 -1
1 11 1089.71 483.55 32.68 114.66 0.698 -1 -1 -1 -1
1 12 421.55 457.01 41.72 88.03 0.681 -1 -1 -1 -1
1 13 634.87 458.45 66.11 182.7 0.653 -1 -1 -1 -1
1 14 972.75 444.47 31.01 95.29 0.592 -1 -1 -1 -1
1 15 582.43 424.11 18.25 34.69 0.422 -1 -1 -1 -1
1 16 1479.62 421.11 59.5 127.56 0.339 -1 -1 -1 -1
1 17 583.66 458.15 30.07 102.7 0.312 -1 -1 -1 -1
1 18 1361.46 431.68 48.87 125.27 0.286 -1 -1 -1 -1
